1 -0.00125 -1190.39 79.9896
1 -0.00115 -1190.99 79.9896
1 -0.00105 -1191.54 79.9896
1 -0.00095 -1192.07 79.9896
1 -0.00085 -1192.56 79.9896
1 -0.00075 -1193 79.9896
1 -0.00065 -1193.4 79.9896
1 -0.00055 -1193.75 79.9896
1 -0.00045 -1194.05 79.9896
1 -0.00035 -1194.31 79.9896
1 -0.00025 -1194.51 79.9896
1 -0.00015 -1194.68 79.9896
1 -5e-05 -1194.79 79.9896
1 5e-05 -1194.87 79.9896
1 0.00015 -1194.91 79.9896
1 0.00025 -1194.9 79.9896
1 0.00035 -1194.85 79.9896
1 0.00045 -1194.79 79.9896
1 0.00055 -1194.69 79.9896
1 0.00065 -1194.58 79.9896
1 0.00075 -1194.46 79.9896
1 0.00085 -1194.31 79.9896
1 0.00095 -1194.17 79.9896
1 0.00105 -1194.02 79.9896
1 0.00115 -1193.87 79.9896
2 -0.00125 -1317.66 87.9691
2 -0.00115 -1318.39 87.9691
2 -0.00105 -1319.09 87.9691
2 -0.00095 -1319.76 87.9691
2 -0.00085 -1320.38 87.9691
2 -0.00075 -1320.96 87.9691
2 -0.00065 -1321.49 87.9691
2 -0.00055 -1321.96 87.9691
2 -0.00045 -1322.38 87.9691
2 -0.00035 -1322.74 87.9691
2 -0.00025 -1323.04 87.9691
2 -0.00015 -1323.27 87.9691
2 -5e-05 -1323.43 87.9691
2 5e-05 -1323.55 87.9691
2 0.00015 -1323.6 87.9691
2 0.00025 -1323.61 87.9691
2 0.00035 -1323.58 87.9691
2 0.00045 -1323.5 87.9691
2 0.00055 -1323.39 87.9691
2 0.00065 -1323.24 87.9691
2 0.00075 -1323.06 87.9691
2 0.00085 -1322.86 87.9691
2 0.00095 -1322.64 87.9691
2 0.00105 -1322.4 87.9691
2 0.00115 -1322.16 87.9691
3 -0.00075 -1021.68 68.9983
3 -0.00065 -1021.94 68.9983
3 -0.00055 -1022.16 68.9983
3 -0.00045 -1022.34 68.9983
3 -0.00035 -1022.49 68.9983
3 -0.00025 -1022.63 68.9983
3 -0.00015 -1022.72 68.9983
3 -5e-05 -1022.81 68.9983
3 5e-05 -1022.86 68.9983
3 0.00015 -1022.9 68.9983
3 0.00025 -1022.91 68.9983
3 0.00035 -1022.9 68.9983
3 0.00045 -1022.88 68.9983
3 0.00055 -1022.86 68.9983
3 0.00065 -1022.83 68.9983
3 0.00075 -1022.78 68.9983
3 0.00085 -1022.72 68.9983
3 0.00095 -1022.65 68.9983
3 0.00105 -1022.55 68.9983
3 0.00115 -1022.44 68.9983
3 0.00125 -1022.31 68.9983
3 0.00135 -1022.17 68.9983
3 0.00145 -1022.01 68.9983
3 0.00155 -1021.84 68.9983
3 0.00165 -1021.66 68.9983
4 0.00225 -1036.26 69.9979
4 0.00235 -1036.37 69.9979
4 0.00245 -1036.49 69.9979
4 0.00255 -1036.61 69.9979
4 0.00265 -1036.72 69.9979
4 0.00275 -1036.83 69.9979
4 0.00285 -1036.93 69.9979
4 0.00295 -1037.02 69.9979
4 0.00305 -1037.09 69.9979
4 0.00315 -1037.16 69.9979
4 0.00325 -1037.21 69.9979
4 0.00335 -1037.23 69.9979
4 0.00345 -1037.24 69.9979
4 0.00355 -1037.23 69.9979
4 0.00365 -1037.21 69.9979
4 0.00375 -1037.17 69.9979
4 0.00385 -1037.1 69.9979
4 0.00395 -1037.03 69.9979
4 0.00405 -1036.93 69.9979
4 0.00415 -1036.81 69.9979
4 0.00425 -1036.67 69.9979
4 0.00435 -1036.52 69.9979
4 0.00445 -1036.35 69.9979
4 0.00455 -1036.18 69.9979
4 0.00465 -1035.99 69.9979
5 -0.00075 -1155.56 77.9923
5 -0.00065 -1156.13 77.9923
5 -0.00055 -1156.67 77.9923
5 -0.00045 -1157.19 77.9923
5 -0.00035 -1157.67 77.9923
5 -0.00025 -1158.12 77.9923
5 -0.00015 -1158.52 77.9923
5 -5e-05 -1158.89 77.9923
5 5e-05 -1159.21 77.9923
5 0.00015 -1159.48 77.9923
5 0.00025 -1159.71 77.9923
5 0.00035 -1159.89 77.9923
5 0.00045 -1160.02 77.9923
5 0.00055 -1160.11 77.9923
5 0.00065 -1160.16 77.9923
5 0.00075 -1160.17 77.9923
5 0.00085 -1160.14 77.9923
5 0.00095 -1160.09 77.9923
5 0.00105 -1160.03 77.9923
5 0.00115 -1159.94 77.9923
5 0.00125 -1159.84 77.9923
5 0.00135 -1159.74 77.9923
5 0.00145 -1159.64 77.9923
5 0.00155 -1159.55 77.9923
5 0.00165 -1159.46 77.9923
6 -0.00125 -1001.52 67.9985
6 -0.00115 -1002.02 67.9985
6 -0.00105 -1002.48 67.9985
6 -0.00095 -1002.9 67.9985
6 -0.00085 -1003.27 67.9985
6 -0.00075 -1003.62 67.9985
6 -0.00065 -1003.9 67.9985
6 -0.00055 -1004.13 67.9985
6 -0.00045 -1004.31 67.9985
6 -0.00035 -1004.44 67.9985
6 -0.00025 -1004.52 67.9985
6 -0.00015 -1004.56 67.9985
6 -5e-05 -1004.55 67.9985
6 5e-05 -1004.5 67.9985
6 0.00015 -1004.41 67.9985
6 0.00025 -1004.28 67.9985
6 0.00035 -1004.12 67.9985
6 0.00045 -1003.93 67.9985
6 0.00055 -1003.71 67.9985
6 0.00065 -1003.47 67.9985
6 0.00075 -1003.21 67.9985
6 0.00085 -1002.94 67.9985
6 0.00095 -1002.66 67.9985
6 0.00105 -1002.37 67.9985
6 0.00115 -1002.08 67.9985
7 0.00325 -1254.97 83.9817
7 0.00335 -1255.34 83.9817
7 0.00345 -1255.72 83.9817
7 0.00355 -1256.07 83.9817
7 0.00365 -1256.42 83.9817
7 0.00375 -1256.74 83.9817
7 0.00385 -1257.03 83.9817
7 0.00395 -1257.29 83.9817
7 0.00405 -1257.52 83.9817
7 0.00415 -1257.71 83.9817
7 0.00425 -1257.86 83.9817
7 0.00435 -1257.98 83.9817
7 0.00445 -1258.06 83.9817
7 0.00455 -1258.11 83.9817
7 0.00465 -1258.14 83.9817
7 0.00475 -1258.13 83.9817
7 0.00485 -1258.09 83.9817
7 0.00495 -1258.03 83.9817
7 0.00505 -1257.94 83.9817
7 0.00515 -1257.83 83.9817
7 0.00525 -1257.69 83.9817
7 0.00535 -1257.53 83.9817
7 0.00545 -1257.36 83.9817
7 0.00555 -1257.18 83.9817
7 0.00565 -1256.97 83.9817
8 0.00175 -941.787 63.9781
8 0.00185 -941.83 63.9781
8 0.00195 -941.867 63.9781
8 0.00205 -941.921 63.9781
8 0.00215 -941.97 63.9781
8 0.00225 -942.015 63.9781
8 0.00235 -942.068 63.9781
8 0.00245 -942.104 63.9781
8 0.00255 -942.14 63.9781
8 0.00265 -942.157 63.9781
8 0.00275 -942.165 63.9781
8 0.00285 -942.157 63.9781
8 0.00295 -942.14 63.9781
8 0.00305 -942.115 63.9781
8 0.00315 -942.077 63.9781
8 0.00325 -942.025 63.9781
8 0.00335 -941.961 63.9781
8 0.00345 -941.877 63.9781
8 0.00355 -941.785 63.9781
8 0.00365 -941.67 63.9781
8 0.00375 -941.546 63.9781
8 0.00385 -941.408 63.9781
8 0.00395 -941.255 63.9781
8 0.00405 -941.095 63.9781
8 0.00415 -940.922 63.9781
9 -0.00225 -985.064 66.9988
9 -0.00215 -985.488 66.9988
9 -0.00205 -985.889 66.9988
9 -0.00195 -986.259 66.9988
9 -0.00185 -986.61 66.9988
9 -0.00175 -986.925 66.9988
9 -0.00165 -987.228 66.9988
9 -0.00155 -987.485 66.9988
9 -0.00145 -987.717 66.9988
9 -0.00135 -987.912 66.9988
9 -0.00125 -988.062 66.9988
9 -0.00115 -988.184 66.9988
9 -0.00105 -988.266 66.9988
9 -0.00095 -988.313 66.9988
9 -0.00085 -988.331 66.9988
9 -0.00075 -988.318 66.9988
9 -0.00065 -988.262 66.9988
9 -0.00055 -988.17 66.9988
9 -0.00045 -988.041 66.9988
9 -0.00035 -987.874 66.9988
9 -0.00025 -987.677 66.9988
9 -0.00015 -987.448 66.9988
9 -5e-05 -987.193 66.9988
9 5e-05 -986.917 66.9988
9 0.00015 -986.614 66.9988
10 -0.00125 -1035.08 69.9979
10 -0.00115 -1035.38 69.9979
10 -0.00105 -1035.66 69.9979
10 -0.00095 -1035.89 69.9979
10 -0.00085 -1036.11 69.9979
10 -0.00075 -1036.29 69.9979
10 -0.00065 -1036.44 69.9979
10 -0.00055 -1036.57 69.9979
10 -0.00045 -1036.67 69.9979
10 -0.00035 -1036.75 69.9979
10 -0.00025 -1036.8 69.9979
10 -0.00015 -1036.83 69.9979
10 -5e-05 -1036.83 69.9979
10 5e-05 -1036.8 69.9979
10 0.00015 -1036.76 69.9979
10 0.00025 -1036.69 69.9979
10 0.00035 -1036.6 69.9979
10 0.00045 -1036.5 69.9979
10 0.00055 -1036.38 69.9979
10 0.00065 -1036.25 69.9979
10 0.00075 -1036.11 69.9979
10 0.00085 -1035.95 69.9979
10 0.00095 -1035.77 69.9979
10 0.00105 -1035.57 69.9979
10 0.00115 -1035.36 69.9979
11 0.00025 -1177.5 78.991
11 0.00035 -1177.72 78.991
11 0.00045 -1177.92 78.991
11 0.00055 -1178.09 78.991
11 0.00065 -1178.22 78.991
11 0.00075 -1178.33 78.991
11 0.00085 -1178.4 78.991
11 0.00095 -1178.45 78.991
11 0.00105 -1178.48 78.991
11 0.00115 -1178.5 78.991
11 0.00125 -1178.52 78.991
11 0.00135 -1178.52 78.991
11 0.00145 -1178.52 78.991
11 0.00155 -1178.52 78.991
11 0.00165 -1178.52 78.991
11 0.00175 -1178.5 78.991
11 0.00185 -1178.47 78.991
11 0.00195 -1178.43 78.991
11 0.00205 -1178.37 78.991
11 0.00215 -1178.31 78.991
11 0.00225 -1178.24 78.991
11 0.00235 -1178.16 78.991
11 0.00245 -1178.07 78.991
11 0.00255 -1177.97 78.991
11 0.00265 -1177.85 78.991
12 0.00175 -1225.94 81.9861
12 0.00185 -1225.99 81.9861
12 0.00195 -1226.01 81.9861
12 0.00205 -1226.05 81.9861
12 0.00215 -1226.09 81.9861
12 0.00225 -1226.13 81.9861
12 0.00235 -1226.18 81.9861
12 0.00245 -1226.22 81.9861
12 0.00255 -1226.28 81.9861
12 0.00265 -1226.33 81.9861
12 0.00275 -1226.38 81.9861
12 0.00285 -1226.43 81.9861
12 0.00295 -1226.45 81.9861
12 0.00305 -1226.48 81.9861
12 0.00315 -1226.47 81.9861
12 0.00325 -1226.44 81.9861
12 0.00335 -1226.41 81.9861
12 0.00345 -1226.35 81.9861
12 0.00355 -1226.28 81.9861
12 0.00365 -1226.19 81.9861
12 0.00375 -1226.08 81.9861
12 0.00385 -1225.96 81.9861
12 0.00395 -1225.82 81.9861
12 0.00405 -1225.66 81.9861
12 0.00415 -1225.49 81.9861
13 0.00225 -1001.1 67.9985
13 0.00235 -1001.13 67.9985
13 0.00245 -1001.17 67.9985
13 0.00255 -1001.21 67.9985
13 0.00265 -1001.27 67.9985
13 0.00275 -1001.32 67.9985
13 0.00285 -1001.36 67.9985
13 0.00295 -1001.41 67.9985
13 0.00305 -1001.45 67.9985
13 0.00315 -1001.48 67.9985
13 0.00325 -1001.51 67.9985
13 0.00335 -1001.54 67.9985
13 0.00345 -1001.55 67.9985
13 0.00355 -1001.55 67.9985
13 0.00365 -1001.54 67.9985
13 0.00375 -1001.52 67.9985
13 0.00385 -1001.48 67.9985
13 0.00395 -1001.43 67.9985
13 0.00405 -1001.37 67.9985
13 0.00415 -1001.3 67.9985
13 0.00425 -1001.21 67.9985
13 0.00435 -1001.12 67.9985
13 0.00445 -1001.01 67.9985
13 0.00455 -1000.9 67.9985
13 0.00465 -1000.78 67.9985
14 0.00075 -1305.22 86.9728
14 0.00085 -1305.31 86.9728
14 0.00095 -1305.39 86.9728
14 0.00105 -1305.47 86.9728
14 0.00115 -1305.55 86.9728
14 0.00125 -1305.63 86.9728
14 0.00135 -1305.7 86.9728
14 0.00145 -1305.76 86.9728
14 0.00155 -1305.82 86.9728
14 0.00165 -1305.87 86.9728
14 0.00175 -1305.91 86.9728
14 0.00185 -1305.94 86.9728
14 0.00195 -1305.96 86.9728
14 0.00205 -1305.96 86.9728
14 0.00215 -1305.96 86.9728
14 0.00225 -1305.95 86.9728
14 0.00235 -1305.93 86.9728
14 0.00245 -1305.92 86.9728
14 0.00255 -1305.88 86.9728
14 0.00265 -1305.85 86.9728
14 0.00275 -1305.81 86.9728
14 0.00285 -1305.75 86.9728
14 0.00295 -1305.7 86.9728
14 0.00305 -1305.62 86.9728
14 0.00315 -1305.54 86.9728
15 -0.00075 -1053.12 70.9975
15 -0.00065 -1053.25 70.9975
15 -0.00055 -1053.37 70.9975
15 -0.00045 -1053.48 70.9975
15 -0.00035 -1053.57 70.9975
15 -0.00025 -1053.65 70.9975
15 -0.00015 -1053.7 70.9975
15 -5e-05 -1053.77 70.9975
15 5e-05 -1053.8 70.9975
15 0.00015 -1053.84 70.9975
15 0.00025 -1053.87 70.9975
15 0.00035 -1053.89 70.9975
15 0.00045 -1053.89 70.9975
15 0.00055 -1053.87 70.9975
15 0.00065 -1053.85 70.9975
15 0.00075 -1053.79 70.9975
15 0.00085 -1053.73 70.9975
15 0.00095 -1053.64 70.9975
15 0.00105 -1053.54 70.9975
15 0.00115 -1053.44 70.9975
15 0.00125 -1053.32 70.9975
15 0.00135 -1053.21 70.9975
15 0.00145 -1053.09 70.9975
15 0.00155 -1052.97 70.9975
15 0.00165 -1052.85 70.9975
16 -0.00075 -1097.66 73.9959
16 -0.00065 -1098.16 73.9959
16 -0.00055 -1098.63 73.9959
16 -0.00045 -1099.02 73.9959
16 -0.00035 -1099.36 73.9959
16 -0.00025 -1099.66 73.9959
16 -0.00015 -1099.89 73.9959
16 -5e-05 -1100.09 73.9959
16 5e-05 -1100.24 73.9959
16 0.00015 -1100.35 73.9959
16 0.00025 -1100.42 73.9959
16 0.00035 -1100.47 73.9959
16 0.00045 -1100.49 73.9959
16 0.00055 -1100.48 73.9959
16 0.00065 -1100.45 73.9959
16 0.00075 -1100.39 73.9959
16 0.00085 -1100.31 73.9959
16 0.00095 -1100.2 73.9959
16 0.00105 -1100.08 73.9959
16 0.00115 -1099.94 73.9959
16 0.00125 -1099.77 73.9959
16 0.00135 -1099.6 73.9959
16 0.00145 -1099.42 73.9959
16 0.00155 -1099.23 73.9959
16 0.00165 -1099.02 73.9959
17 -0.00025 -1066.71 71.9971
17 -0.00015 -1067.23 71.9971
17 -5e-05 -1067.69 71.9971
17 5e-05 -1068.11 71.9971
17 0.00015 -1068.47 71.9971
17 0.00025 -1068.79 71.9971
17 0.00035 -1069.05 71.9971
17 0.00045 -1069.27 71.9971
17 0.00055 -1069.45 71.9971
17 0.00065 -1069.59 71.9971
17 0.00075 -1069.68 71.9971
17 0.00085 -1069.75 71.9971
17 0.00095 -1069.77 71.9971
17 0.00105 -1069.76 71.9971
17 0.00115 -1069.72 71.9971
17 0.00125 -1069.66 71.9971
17 0.00135 -1069.57 71.9971
17 0.00145 -1069.46 71.9971
17 0.00155 -1069.34 71.9971
17 0.00165 -1069.2 71.9971
17 0.00175 -1069.05 71.9971
17 0.00185 -1068.88 71.9971
17 0.00195 -1068.71 71.9971
17 0.00205 -1068.53 71.9971
17 0.00215 -1068.35 71.9971
18 0.00225 -1002.48 67.9985
18 0.00235 -1002.6 67.9985
18 0.00245 -1002.72 67.9985
18 0.00255 -1002.85 67.9985
18 0.00265 -1002.98 67.9985
18 0.00275 -1003.11 67.9985
18 0.00285 -1003.22 67.9985
18 0.00295 -1003.33 67.9985
18 0.00305 -1003.41 67.9985
18 0.00315 -1003.49 67.9985
18 0.00325 -1003.55 67.9985
18 0.00335 -1003.59 67.9985
18 0.00345 -1003.62 67.9985
18 0.00355 -1003.63 67.9985
18 0.00365 -1003.63 67.9985
18 0.00375 -1003.61 67.9985
18 0.00385 -1003.58 67.9985
18 0.00395 -1003.54 67.9985
18 0.00405 -1003.47 67.9985
18 0.00415 -1003.39 67.9985
18 0.00425 -1003.29 67.9985
18 0.00435 -1003.19 67.9985
18 0.00445 -1003.06 67.9985
18 0.00455 -1002.93 67.9985
18 0.00465 -1002.79 67.9985
19 -0.00025 -1099.39 73.9959
19 -0.00015 -1099.72 73.9959
19 -5e-05 -1100.03 73.9959
19 5e-05 -1100.32 73.9959
19 0.00015 -1100.56 73.9959
19 0.00025 -1100.78 73.9959
19 0.00035 -1100.96 73.9959
19 0.00045 -1101.12 73.9959
19 0.00055 -1101.24 73.9959
19 0.00065 -1101.33 73.9959
19 0.00075 -1101.38 73.9959
19 0.00085 -1101.41 73.9959
19 0.00095 -1101.4 73.9959
19 0.00105 -1101.36 73.9959
19 0.00115 -1101.29 73.9959
19 0.00125 -1101.2 73.9959
19 0.00135 -1101.07 73.9959
19 0.00145 -1100.93 73.9959
19 0.00155 -1100.77 73.9959
19 0.00165 -1100.59 73.9959
19 0.00175 -1100.4 73.9959
19 0.00185 -1100.19 73.9959
19 0.00195 -1099.98 73.9959
19 0.00205 -1099.75 73.9959
19 0.00215 -1099.52 73.9959
20 -0.00125 -1126.49 75.9943
20 -0.00115 -1126.86 75.9943
20 -0.00105 -1127.24 75.9943
20 -0.00095 -1127.57 75.9943
20 -0.00085 -1127.9 75.9943
20 -0.00075 -1128.2 75.9943
20 -0.00065 -1128.47 75.9943
20 -0.00055 -1128.72 75.9943
20 -0.00045 -1128.92 75.9943
20 -0.00035 -1129.09 75.9943
20 -0.00025 -1129.21 75.9943
20 -0.00015 -1129.31 75.9943
20 -5e-05 -1129.35 75.9943
20 5e-05 -1129.38 75.9943
20 0.00015 -1129.36 75.9943
20 0.00025 -1129.33 75.9943
20 0.00035 -1129.26 75.9943
20 0.00045 -1129.17 75.9943
20 0.00055 -1129.06 75.9943
20 0.00065 -1128.93 75.9943
20 0.00075 -1128.79 75.9943
20 0.00085 -1128.63 75.9943
20 0.00095 -1128.46 75.9943
20 0.00105 -1128.29 75.9943
20 0.00115 -1128.11 75.9943
21 -0.00025 -1224.48 81.9861
21 -0.00015 -1224.94 81.9861
21 -5e-05 -1225.37 81.9861
21 5e-05 -1225.76 81.9861
21 0.00015 -1226.11 81.9861
21 0.00025 -1226.41 81.9861
21 0.00035 -1226.69 81.9861
21 0.00045 -1226.91 81.9861
21 0.00055 -1227.09 81.9861
21 0.00065 -1227.23 81.9861
21 0.00075 -1227.34 81.9861
21 0.00085 -1227.4 81.9861
21 0.00095 -1227.43 81.9861
21 0.00105 -1227.44 81.9861
21 0.00115 -1227.43 81.9861
21 0.00125 -1227.4 81.9861
21 0.00135 -1227.38 81.9861
21 0.00145 -1227.33 81.9861
21 0.00155 -1227.29 81.9861
21 0.00165 -1227.23 81.9861
21 0.00175 -1227.16 81.9861
21 0.00185 -1227.07 81.9861
21 0.00195 -1226.98 81.9861
21 0.00205 -1226.88 81.9861
21 0.00215 -1226.78 81.9861
22 -0.00025 -1131.57 75.9943
22 -0.00015 -1131.83 75.9943
22 -5e-05 -1132.06 75.9943
22 5e-05 -1132.27 75.9943
22 0.00015 -1132.45 75.9943
22 0.00025 -1132.59 75.9943
22 0.00035 -1132.72 75.9943
22 0.00045 -1132.81 75.9943
22 0.00055 -1132.88 75.9943
22 0.00065 -1132.92 75.9943
22 0.00075 -1132.93 75.9943
22 0.00085 -1132.92 75.9943
22 0.00095 -1132.88 75.9943
22 0.00105 -1132.82 75.9943
22 0.00115 -1132.73 75.9943
22 0.00125 -1132.63 75.9943
22 0.00135 -1132.5 75.9943
22 0.00145 -1132.36 75.9943
22 0.00155 -1132.19 75.9943
22 0.00165 -1132.01 75.9943
22 0.00175 -1131.81 75.9943
22 0.00185 -1131.61 75.9943
22 0.00195 -1131.4 75.9943
22 0.00205 -1131.18 75.9943
22 0.00215 -1130.96 75.9943
23 0.00225 -847.012 57.9925
23 0.00235 -847.098 57.9925
23 0.00245 -847.185 57.9925
23 0.00255 -847.283 57.9925
23 0.00265 -847.379 57.9925
23 0.00275 -847.472 57.9925
23 0.00285 -847.553 57.9925
23 0.00295 -847.627 57.9925
23 0.00305 -847.69 57.9925
23 0.00315 -847.733 57.9925
23 0.00325 -847.761 57.9925
23 0.00335 -847.77 57.9925
23 0.00345 -847.763 57.9925
23 0.00355 -847.736 57.9925
23 0.00365 -847.694 57.9925
23 0.00375 -847.642 57.9925
23 0.00385 -847.571 57.9925
23 0.00395 -847.493 57.9925
23 0.00405 -847.402 57.9925
23 0.00415 -847.303 57.9925
23 0.00425 -847.188 57.9925
23 0.00435 -847.065 57.9925
23 0.00445 -846.933 57.9925
23 0.00455 -846.794 57.9925
23 0.00465 -846.646 57.9925
24 0.00025 -988.642 66.9988
24 0.00035 -988.791 66.9988
24 0.00045 -988.921 66.9988
24 0.00055 -989.023 66.9988
24 0.00065 -989.12 66.9988
24 0.00075 -989.182 66.9988
24 0.00085 -989.246 66.9988
24 0.00095 -989.291 66.9988
24 0.00105 -989.325 66.9988
24 0.00115 -989.35 66.9988
24 0.00125 -989.368 66.9988
24 0.00135 -989.368 66.9988
24 0.00145 -989.36 66.9988
24 0.00155 -989.328 66.9988
24 0.00165 -989.28 66.9988
24 0.00175 -989.216 66.9988
24 0.00185 -989.128 66.9988
24 0.00195 -989.026 66.9988
24 0.00205 -988.91 66.9988
24 0.00215 -988.785 66.9988
24 0.00225 -988.647 66.9988
24 0.00235 -988.507 66.9988
24 0.00245 -988.364 66.9988
24 0.00255 -988.228 66.9988
24 0.00265 -988.085 66.9988
25 0.00275 -1031.93 69.9979
25 0.00285 -1032.33 69.9979
25 0.00295 -1032.71 69.9979
25 0.00305 -1033.07 69.9979
25 0.00315 -1033.41 69.9979
25 0.00325 -1033.72 69.9979
25 0.00335 -1034 69.9979
25 0.00345 -1034.25 69.9979
25 0.00355 -1034.47 69.9979
25 0.00365 -1034.65 69.9979
25 0.00375 -1034.8 69.9979
25 0.00385 -1034.92 69.9979
25 0.00395 -1035 69.9979
25 0.00405 -1035.05 69.9979
25 0.00415 -1035.08 69.9979
25 0.00425 -1035.07 69.9979
25 0.00435 -1035.05 69.9979
25 0.00445 -1035 69.9979
25 0.00455 -1034.94 69.9979
25 0.00465 -1034.85 69.9979
25 0.00475 -1034.75 69.9979
25 0.00485 -1034.63 69.9979
25 0.00495 -1034.5 69.9979
25 0.00505 -1034.37 69.9979
25 0.00515 -1034.22 69.9979
26 0.00025 -894.93 60.9868
26 0.00035 -895.319 60.9868
26 0.00045 -895.671 60.9868
26 0.00055 -895.992 60.9868
26 0.00065 -896.274 60.9868
26 0.00075 -896.523 60.9868
26 0.00085 -896.722 60.9868
26 0.00095 -896.886 60.9868
26 0.00105 -897.007 60.9868
26 0.00115 -897.094 60.9868
26 0.00125 -897.143 60.9868
26 0.00135 -897.167 60.9868
26 0.00145 -897.161 60.9868
26 0.00155 -897.124 60.9868
26 0.00165 -897.065 60.9868
26 0.00175 -896.98 60.9868
26 0.00185 -896.872 60.9868
26 0.00195 -896.739 60.9868
26 0.00205 -896.592 60.9868
26 0.00215 -896.433 60.9868
26 0.00225 -896.269 60.9868
26 0.00235 -896.102 60.9868
26 0.00245 -895.935 60.9868
26 0.00255 -895.767 60.9868
26 0.00265 -895.598 60.9868
27 -0.00075 -988.11 66.9988
27 -0.00065 -988.442 66.9988
27 -0.00055 -988.771 66.9988
27 -0.00045 -989.072 66.9988
27 -0.00035 -989.369 66.9988
27 -0.00025 -989.63 66.9988
27 -0.00015 -989.865 66.9988
27 -5e-05 -990.068 66.9988
27 5e-05 -990.232 66.9988
27 0.00015 -990.364 66.9988
27 0.00025 -990.465 66.9988
27 0.00035 -990.533 66.9988
27 0.00045 -990.57 66.9988
27 0.00055 -990.586 66.9988
27 0.00065 -990.568 66.9988
27 0.00075 -990.533 66.9988
27 0.00085 -990.472 66.9988
27 0.00095 -990.395 66.9988
27 0.00105 -990.303 66.9988
27 0.00115 -990.192 66.9988
27 0.00125 -990.07 66.9988
27 0.00135 -989.927 66.9988
27 0.00145 -989.776 66.9988
27 0.00155 -989.606 66.9988
27 0.00165 -989.425 66.9988
28 -0.00125 -1128.82 75.9943
28 -0.00115 -1129.11 75.9943
28 -0.00105 -1129.38 75.9943
28 -0.00095 -1129.63 75.9943
28 -0.00085 -1129.85 75.9943
28 -0.00075 -1130.03 75.9943
28 -0.00065 -1130.19 75.9943
28 -0.00055 -1130.32 75.9943
28 -0.00045 -1130.42 75.9943
28 -0.00035 -1130.51 75.9943
28 -0.00025 -1130.57 75.9943
28 -0.00015 -1130.62 75.9943
28 -5e-05 -1130.66 75.9943
28 5e-05 -1130.68 75.9943
28 0.00015 -1130.7 75.9943
28 0.00025 -1130.7 75.9943
28 0.00035 -1130.7 75.9943
28 0.00045 -1130.67 75.9943
28 0.00055 -1130.63 75.9943
28 0.00065 -1130.58 75.9943
28 0.00075 -1130.5 75.9943
28 0.00085 -1130.42 75.9943
28 0.00095 -1130.32 75.9943
28 0.00105 -1130.2 75.9943
28 0.00115 -1130.09 75.9943
29 0.00125 -1068.78 71.9971
29 0.00135 -1068.81 71.9971
29 0.00145 -1068.81 71.9971
29 0.00155 -1068.83 71.9971
29 0.00165 -1068.84 71.9971
29 0.00175 -1068.85 71.9971
29 0.00185 -1068.87 71.9971
29 0.00195 -1068.87 71.9971
29 0.00205 -1068.89 71.9971
29 0.00215 -1068.9 71.9971
29 0.00225 -1068.92 71.9971
29 0.00235 -1068.93 71.9971
29 0.00245 -1068.94 71.9971
29 0.00255 -1068.95 71.9971
29 0.00265 -1068.95 71.9971
29 0.00275 -1068.94 71.9971
29 0.00285 -1068.91 71.9971
29 0.00295 -1068.88 71.9971
29 0.00305 -1068.83 71.9971
29 0.00315 -1068.76 71.9971
29 0.00325 -1068.68 71.9971
29 0.00335 -1068.59 71.9971
29 0.00345 -1068.48 71.9971
29 0.00355 -1068.37 71.9971
29 0.00365 -1068.23 71.9971
30 0.00375 -1156.55 77.9923
30 0.00385 -1157.05 77.9923
30 0.00395 -1157.51 77.9923
30 0.00405 -1157.92 77.9923
30 0.00415 -1158.3 77.9923
30 0.00425 -1158.63 77.9923
30 0.00435 -1158.92 77.9923
30 0.00445 -1159.18 77.9923
30 0.00455 -1159.4 77.9923
30 0.00465 -1159.59 77.9923
30 0.00475 -1159.74 77.9923
30 0.00485 -1159.87 77.9923
30 0.00495 -1159.95 77.9923
30 0.00505 -1160 77.9923
30 0.00515 -1160.02 77.9923
30 0.00525 -1160.01 77.9923
30 0.00535 -1159.98 77.9923
30 0.00545 -1159.92 77.9923
30 0.00555 -1159.83 77.9923
30 0.00565 -1159.73 77.9923
30 0.00575 -1159.6 77.9923
30 0.00585 -1159.46 77.9923
30 0.00595 -1159.31 77.9923
30 0.00605 -1159.15 77.9923
30 0.00615 -1158.97 77.9923
31 -0.00125 -1321.17 87.9691
31 -0.00115 -1321.67 87.9691
31 -0.00105 -1322.13 87.9691
31 -0.00095 -1322.55 87.9691
31 -0.00085 -1322.93 87.9691
31 -0.00075 -1323.27 87.9691
31 -0.00065 -1323.55 87.9691
31 -0.00055 -1323.8 87.9691
31 -0.00045 -1324.01 87.9691
31 -0.00035 -1324.19 87.9691
31 -0.00025 -1324.34 87.9691
31 -0.00015 -1324.45 87.9691
31 -5e-05 -1324.54 87.9691
31 5e-05 -1324.58 87.9691
31 0.00015 -1324.59 87.9691
31 0.00025 -1324.57 87.9691
31 0.00035 -1324.5 87.9691
31 0.00045 -1324.42 87.9691
31 0.00055 -1324.3 87.9691
31 0.00065 -1324.14 87.9691
31 0.00075 -1323.96 87.9691
31 0.00085 -1323.76 87.9691
31 0.00095 -1323.52 87.9691
31 0.00105 -1323.27 87.9691
31 0.00115 -1323 87.9691
32 0.00325 -1206.14 80.9879
32 0.00335 -1206.41 80.9879
32 0.00345 -1206.67 80.9879
32 0.00355 -1206.93 80.9879
32 0.00365 -1207.17 80.9879
32 0.00375 -1207.4 80.9879
32 0.00385 -1207.6 80.9879
32 0.00395 -1207.78 80.9879
32 0.00405 -1207.92 80.9879
32 0.00415 -1208.05 80.9879
32 0.00425 -1208.15 80.9879
32 0.00435 -1208.23 80.9879
32 0.00445 -1208.27 80.9879
32 0.00455 -1208.3 80.9879
32 0.00465 -1208.3 80.9879
32 0.00475 -1208.28 80.9879
32 0.00485 -1208.23 80.9879
32 0.00495 -1208.16 80.9879
32 0.00505 -1208.07 80.9879
32 0.00515 -1207.97 80.9879
32 0.00525 -1207.84 80.9879
32 0.00535 -1207.7 80.9879
32 0.00545 -1207.54 80.9879
32 0.00555 -1207.37 80.9879
32 0.00565 -1207.19 80.9879
33 0.00175 -1116.19 74.9952
33 0.00185 -1116.2 74.9952
33 0.00195 -1116.22 74.9952
33 0.00205 -1116.25 74.9952
33 0.00215 -1116.27 74.9952
33 0.00225 -1116.3 74.9952
33 0.00235 -1116.32 74.9952
33 0.00245 -1116.36 74.9952
33 0.00255 -1116.39 74.9952
33 0.00265 -1116.42 74.9952
33 0.00275 -1116.44 74.9952
33 0.00285 -1116.45 74.9952
33 0.00295 -1116.46 74.9952
33 0.00305 -1116.45 74.9952
33 0.00315 -1116.44 74.9952
33 0.00325 -1116.4 74.9952
33 0.00335 -1116.36 74.9952
33 0.00345 -1116.29 74.9952
33 0.00355 -1116.21 74.9952
33 0.00365 -1116.11 74.9952
33 0.00375 -1116 74.9952
33 0.00385 -1115.87 74.9952
33 0.00395 -1115.72 74.9952
33 0.00405 -1115.57 74.9952
33 0.00415 -1115.4 74.9952
34 -0.00025 -1211.92 80.9879
34 -0.00015 -1212.18 80.9879
34 -5e-05 -1212.43 80.9879
34 5e-05 -1212.66 80.9879
34 0.00015 -1212.85 80.9879
34 0.00025 -1213.03 80.9879
34 0.00035 -1213.17 80.9879
34 0.00045 -1213.28 80.9879
34 0.00055 -1213.37 80.9879
34 0.00065 -1213.42 80.9879
34 0.00075 -1213.45 80.9879
34 0.00085 -1213.44 80.9879
34 0.00095 -1213.41 80.9879
34 0.00105 -1213.35 80.9879
34 0.00115 -1213.25 80.9879
34 0.00125 -1213.12 80.9879
34 0.00135 -1212.97 80.9879
34 0.00145 -1212.78 80.9879
34 0.00155 -1212.58 80.9879
34 0.00165 -1212.36 80.9879
34 0.00175 -1212.13 80.9879
34 0.00185 -1211.88 80.9879
34 0.00195 -1211.63 80.9879
34 0.00205 -1211.38 80.9879
34 0.00215 -1211.12 80.9879
35 -0.00125 -1004.93 67.9985
35 -0.00115 -1005.42 67.9985
35 -0.00105 -1005.85 67.9985
35 -0.00095 -1006.23 67.9985
35 -0.00085 -1006.56 67.9985
35 -0.00075 -1006.83 67.9985
35 -0.00065 -1007.05 67.9985
35 -0.00055 -1007.22 67.9985
35 -0.00045 -1007.34 67.9985
35 -0.00035 -1007.41 67.9985
35 -0.00025 -1007.44 67.9985
35 -0.00015 -1007.43 67.9985
35 -5e-05 -1007.38 67.9985
35 5e-05 -1007.3 67.9985
35 0.00015 -1007.18 67.9985
35 0.00025 -1007.05 67.9985
35 0.00035 -1006.9 67.9985
35 0.00045 -1006.73 67.9985
35 0.00055 -1006.56 67.9985
35 0.00065 -1006.37 67.9985
35 0.00075 -1006.19 67.9985
35 0.00085 -1006.01 67.9985
35 0.00095 -1005.82 67.9985
35 0.00105 -1005.63 67.9985
35 0.00115 -1005.43 67.9985
36 -0.00025 -1193.97 79.9896
36 -0.00015 -1194.44 79.9896
36 -5e-05 -1194.85 79.9896
36 5e-05 -1195.22 79.9896
36 0.00015 -1195.54 79.9896
36 0.00025 -1195.8 79.9896
36 0.00035 -1196.03 79.9896
36 0.00045 -1196.2 79.9896
36 0.00055 -1196.33 79.9896
36 0.00065 -1196.41 79.9896
36 0.00075 -1196.46 79.9896
36 0.00085 -1196.46 79.9896
36 0.00095 -1196.44 79.9896
36 0.00105 -1196.39 79.9896
36 0.00115 -1196.33 79.9896
36 0.00125 -1196.25 79.9896
36 0.00135 -1196.16 79.9896
36 0.00145 -1196.07 79.9896
36 0.00155 -1195.96 79.9896
36 0.00165 -1195.87 79.9896
36 0.00175 -1195.76 79.9896
36 0.00185 -1195.66 79.9896
36 0.00195 -1195.57 79.9896
36 0.00205 -1195.49 79.9896
36 0.00215 -1195.42 79.9896
37 -0.00075 -983.826 66.9988
37 -0.00065 -984.288 66.9988
37 -0.00055 -984.737 66.9988
37 -0.00045 -985.173 66.9988
37 -0.00035 -985.571 66.9988
37 -0.00025 -985.955 66.9988
37 -0.00015 -986.297 66.9988
37 -5e-05 -986.604 66.9988
37 5e-05 -986.88 66.9988
37 0.00015 -987.111 66.9988
37 0.00025 -987.309 66.9988
37 0.00035 -987.461 66.9988
37 0.00045 -987.566 66.9988
37 0.00055 -987.633 66.9988
37 0.00065 -987.655 66.9988
37 0.00075 -987.644 66.9988
37 0.00085 -987.602 66.9988
37 0.00095 -987.529 66.9988
37 0.00105 -987.44 66.9988
37 0.00115 -987.33 66.9988
37 0.00125 -987.213 66.9988
37 0.00135 -987.085 66.9988
37 0.00145 -986.963 66.9988
37 0.00155 -986.831 66.9988
37 0.00165 -986.718 66.9988
38 -0.00125 -1141.71 76.9934
38 -0.00115 -1142.03 76.9934
38 -0.00105 -1142.35 76.9934
38 -0.00095 -1142.64 76.9934
38 -0.00085 -1142.94 76.9934
38 -0.00075 -1143.2 76.9934
38 -0.00065 -1143.46 76.9934
38 -0.00055 -1143.69 76.9934
38 -0.00045 -1143.9 76.9934
38 -0.00035 -1144.08 76.9934
38 -0.00025 -1144.22 76.9934
38 -0.00015 -1144.33 76.9934
38 -5e-05 -1144.41 76.9934
38 5e-05 -1144.46 76.9934
38 0.00015 -1144.48 76.9934
38 0.00025 -1144.46 76.9934
38 0.00035 -1144.43 76.9934
38 0.00045 -1144.37 76.9934
38 0.00055 -1144.29 76.9934
38 0.00065 -1144.19 76.9934
38 0.00075 -1144.08 76.9934
38 0.00085 -1143.96 76.9934
38 0.00095 -1143.81 76.9934
38 0.00105 -1143.67 76.9934
38 0.00115 -1143.51 76.9934
39 0.00275 -1063.51 71.9971
39 0.00285 -1063.86 71.9971
39 0.00295 -1064.19 71.9971
39 0.00305 -1064.53 71.9971
39 0.00315 -1064.84 71.9971
39 0.00325 -1065.14 71.9971
39 0.00335 -1065.41 71.9971
39 0.00345 -1065.66 71.9971
39 0.00355 -1065.88 71.9971
39 0.00365 -1066.06 71.9971
39 0.00375 -1066.22 71.9971
39 0.00385 -1066.34 71.9971
39 0.00395 -1066.43 71.9971
39 0.00405 -1066.49 71.9971
39 0.00415 -1066.52 71.9971
39 0.00425 -1066.53 71.9971
39 0.00435 -1066.51 71.9971
39 0.00445 -1066.46 71.9971
39 0.00455 -1066.4 71.9971
39 0.00465 -1066.32 71.9971
39 0.00475 -1066.22 71.9971
39 0.00485 -1066.1 71.9971
39 0.00495 -1065.97 71.9971
39 0.00505 -1065.83 71.9971
39 0.00515 -1065.66 71.9971
40 -0.00025 -1159.9 77.9923
40 -0.00015 -1160.03 77.9923
40 -5e-05 -1160.13 77.9923
40 5e-05 -1160.22 77.9923
40 0.00015 -1160.27 77.9923
40 0.00025 -1160.33 77.9923
40 0.00035 -1160.37 77.9923
40 0.00045 -1160.39 77.9923
40 0.00055 -1160.42 77.9923
40 0.00065 -1160.43 77.9923
40 0.00075 -1160.45 77.9923
40 0.00085 -1160.45 77.9923
40 0.00095 -1160.46 77.9923
40 0.00105 -1160.45 77.9923
40 0.00115 -1160.45 77.9923
40 0.00125 -1160.44 77.9923
40 0.00135 -1160.43 77.9923
40 0.00145 -1160.42 77.9923
40 0.00155 -1160.41 77.9923
40 0.00165 -1160.38 77.9923
40 0.00175 -1160.34 77.9923
40 0.00185 -1160.28 77.9923
40 0.00195 -1160.2 77.9923
40 0.00205 -1160.1 77.9923
40 0.00215 -1160 77.9923
41 0.00275 -1128.04 75.9943
41 0.00285 -1128.18 75.9943
41 0.00295 -1128.34 75.9943
41 0.00305 -1128.48 75.9943
41 0.00315 -1128.62 75.9943
41 0.00325 -1128.74 75.9943
41 0.00335 -1128.84 75.9943
41 0.00345 -1128.94 75.9943
41 0.00355 -1129 75.9943
41 0.00365 -1129.07 75.9943
41 0.00375 -1129.11 75.9943
41 0.00385 -1129.14 75.9943
41 0.00395 -1129.15 75.9943
41 0.00405 -1129.14 75.9943
41 0.00415 -1129.11 75.9943
41 0.00425 -1129.06 75.9943
41 0.00435 -1128.99 75.9943
41 0.00445 -1128.91 75.9943
41 0.00455 -1128.81 75.9943
41 0.00465 -1128.71 75.9943
41 0.00475 -1128.59 75.9943
41 0.00485 -1128.45 75.9943
41 0.00495 -1128.31 75.9943
41 0.00505 -1128.16 75.9943
41 0.00515 -1127.99 75.9943
42 0.00025 -879.36 59.989
42 0.00035 -879.518 59.989
42 0.00045 -879.671 59.989
42 0.00055 -879.797 59.989
42 0.00065 -879.916 59.989
42 0.00075 -880.015 59.989
42 0.00085 -880.102 59.989
42 0.00095 -880.172 59.989
42 0.00105 -880.218 59.989
42 0.00115 -880.251 59.989
42 0.00125 -880.261 59.989
42 0.00135 -880.253 59.989
42 0.00145 -880.221 59.989
42 0.00155 -880.177 59.989
42 0.00165 -880.114 59.989
42 0.00175 -880.032 59.989
42 0.00185 -879.937 59.989
42 0.00195 -879.824 59.989
42 0.00205 -879.696 59.989
42 0.00215 -879.554 59.989
42 0.00225 -879.402 59.989
42 0.00235 -879.233 59.989
42 0.00245 -879.055 59.989
42 0.00255 -878.863 59.989
42 0.00265 -878.665 59.989
43 0.00175 -988.331 66.9988
43 0.00185 -988.374 66.9988
43 0.00195 -988.434 66.9988
43 0.00205 -988.492 66.9988
43 0.00215 -988.553 66.9988
43 0.00225 -988.612 66.9988
43 0.00235 -988.672 66.9988
43 0.00245 -988.726 66.9988
43 0.00255 -988.781 66.9988
43 0.00265 -988.837 66.9988
43 0.00275 -988.886 66.9988
43 0.00285 -988.93 66.9988
43 0.00295 -988.966 66.9988
43 0.00305 -988.998 66.9988
43 0.00315 -989.004 66.9988
43 0.00325 -989.006 66.9988
43 0.00335 -988.986 66.9988
43 0.00345 -988.953 66.9988
43 0.00355 -988.899 66.9988
43 0.00365 -988.835 66.9988
43 0.00375 -988.742 66.9988
43 0.00385 -988.645 66.9988
43 0.00395 -988.523 66.9988
43 0.00405 -988.39 66.9988
43 0.00415 -988.244 66.9988
44 -0.00025 -1290.39 85.9761
44 -0.00015 -1290.74 85.9761
44 -5e-05 -1291.03 85.9761
44 5e-05 -1291.3 85.9761
44 0.00015 -1291.5 85.9761
44 0.00025 -1291.68 85.9761
44 0.00035 -1291.8 85.9761
44 0.00045 -1291.89 85.9761
44 0.00055 -1291.93 85.9761
44 0.00065 -1291.96 85.9761
44 0.00075 -1291.95 85.9761
44 0.00085 -1291.95 85.9761
44 0.00095 -1291.93 85.9761
44 0.00105 -1291.91 85.9761
44 0.00115 -1291.89 85.9761
44 0.00125 -1291.86 85.9761
44 0.00135 -1291.84 85.9761
44 0.00145 -1291.81 85.9761
44 0.00155 -1291.78 85.9761
44 0.00165 -1291.76 85.9761
44 0.00175 -1291.72 85.9761
44 0.00185 -1291.69 85.9761
44 0.00195 -1291.66 85.9761
44 0.00205 -1291.62 85.9761
44 0.00215 -1291.58 85.9761
45 -0.00075 -1049.99 70.9975
45 -0.00065 -1050.24 70.9975
45 -0.00055 -1050.49 70.9975
45 -0.00045 -1050.72 70.9975
45 -0.00035 -1050.93 70.9975
45 -0.00025 -1051.13 70.9975
45 -0.00015 -1051.29 70.9975
45 -5e-05 -1051.45 70.9975
45 5e-05 -1051.58 70.9975
45 0.00015 -1051.68 70.9975
45 0.00025 -1051.75 70.9975
45 0.00035 -1051.8 70.9975
45 0.00045 -1051.81 70.9975
45 0.00055 -1051.8 70.9975
45 0.00065 -1051.76 70.9975
45 0.00075 -1051.69 70.9975
45 0.00085 -1051.59 70.9975
45 0.00095 -1051.48 70.9975
45 0.00105 -1051.34 70.9975
45 0.00115 -1051.19 70.9975
45 0.00125 -1051.04 70.9975
45 0.00135 -1050.87 70.9975
45 0.00145 -1050.7 70.9975
45 0.00155 -1050.54 70.9975
45 0.00165 -1050.38 70.9975
46 -0.00075 -1187.87 79.9896
46 -0.00065 -1188.35 79.9896
46 -0.00055 -1188.81 79.9896
46 -0.00045 -1189.25 79.9896
46 -0.00035 -1189.66 79.9896
46 -0.00025 -1190.04 79.9896
46 -0.00015 -1190.39 79.9896
46 -5e-05 -1190.7 79.9896
46 5e-05 -1190.98 79.9896
46 0.00015 -1191.21 79.9896
46 0.00025 -1191.41 79.9896
46 0.00035 -1191.56 79.9896
46 0.00045 -1191.67 79.9896
46 0.00055 -1191.74 79.9896
46 0.00065 -1191.77 79.9896
46 0.00075 -1191.78 79.9896
46 0.00085 -1191.75 79.9896
46 0.00095 -1191.71 79.9896
46 0.00105 -1191.65 79.9896
46 0.00115 -1191.57 79.9896
46 0.00125 -1191.5 79.9896
46 0.00135 -1191.42 79.9896
46 0.00145 -1191.34 79.9896
46 0.00155 -1191.27 79.9896
46 0.00165 -1191.2 79.9896
47 0.00125 -1099.48 73.9959
47 0.00135 -1099.73 73.9959
47 0.00145 -1099.97 73.9959
47 0.00155 -1100.19 73.9959
47 0.00165 -1100.41 73.9959
47 0.00175 -1100.61 73.9959
47 0.00185 -1100.79 73.9959
47 0.00195 -1100.95 73.9959
47 0.00205 -1101.08 73.9959
47 0.00215 -1101.2 73.9959
47 0.00225 -1101.29 73.9959
47 0.00235 -1101.35 73.9959
47 0.00245 -1101.39 73.9959
47 0.00255 -1101.39 73.9959
47 0.00265 -1101.37 73.9959
47 0.00275 -1101.32 73.9959
47 0.00285 -1101.24 73.9959
47 0.00295 -1101.15 73.9959
47 0.00305 -1101.03 73.9959
47 0.00315 -1100.9 73.9959
47 0.00325 -1100.75 73.9959
47 0.00335 -1100.59 73.9959
47 0.00345 -1100.4 73.9959
47 0.00355 -1100.2 73.9959
47 0.00365 -1099.99 73.9959
48 0.00125 -1099.31 73.9959
48 0.00135 -1099.42 73.9959
48 0.00145 -1099.5 73.9959
48 0.00155 -1099.57 73.9959
48 0.00165 -1099.63 73.9959
48 0.00175 -1099.68 73.9959
48 0.00185 -1099.73 73.9959
48 0.00195 -1099.77 73.9959
48 0.00205 -1099.81 73.9959
48 0.00215 -1099.85 73.9959
48 0.00225 -1099.88 73.9959
48 0.00235 -1099.91 73.9959
48 0.00245 -1099.93 73.9959
48 0.00255 -1099.95 73.9959
48 0.00265 -1099.96 73.9959
48 0.00275 -1099.96 73.9959
48 0.00285 -1099.95 73.9959
48 0.00295 -1099.94 73.9959
48 0.00305 -1099.91 73.9959
48 0.00315 -1099.87 73.9959
48 0.00325 -1099.82 73.9959
48 0.00335 -1099.76 73.9959
48 0.00345 -1099.69 73.9959
48 0.00355 -1099.61 73.9959
48 0.00365 -1099.51 73.9959
49 0.00225 -878.232 59.989
49 0.00235 -878.315 59.989
49 0.00245 -878.398 59.989
49 0.00255 -878.49 59.989
49 0.00265 -878.577 59.989
49 0.00275 -878.671 59.989
49 0.00285 -878.759 59.989
49 0.00295 -878.846 59.989
49 0.00305 -878.924 59.989
49 0.00315 -879.004 59.989
49 0.00325 -879.074 59.989
49 0.00335 -879.129 59.989
49 0.00345 -879.178 59.989
49 0.00355 -879.205 59.989
49 0.00365 -879.222 59.989
49 0.00375 -879.216 59.989
49 0.00385 -879.205 59.989
49 0.00395 -879.169 59.989
49 0.00405 -879.121 59.989
49 0.00415 -879.06 59.989
49 0.00425 -878.98 59.989
49 0.00435 -878.896 59.989
49 0.00445 -878.796 59.989
49 0.00455 -878.685 59.989
49 0.00465 -878.567 59.989
50 0.00275 -1206.57 80.9879
50 0.00285 -1206.64 80.9879
50 0.00295 -1206.72 80.9879
50 0.00305 -1206.81 80.9879
50 0.00315 -1206.92 80.9879
50 0.00325 -1207.01 80.9879
50 0.00335 -1207.11 80.9879
50 0.00345 -1207.19 80.9879
50 0.00355 -1207.28 80.9879
50 0.00365 -1207.35 80.9879
50 0.00375 -1207.41 80.9879
50 0.00385 -1207.46 80.9879
50 0.00395 -1207.49 80.9879
50 0.00405 -1207.5 80.9879
50 0.00415 -1207.49 80.9879
50 0.00425 -1207.46 80.9879
50 0.00435 -1207.4 80.9879
50 0.00445 -1207.32 80.9879
50 0.00455 -1207.23 80.9879
50 0.00465 -1207.12 80.9879
50 0.00475 -1206.98 80.9879
50 0.00485 -1206.83 80.9879
50 0.00495 -1206.67 80.9879
50 0.00505 -1206.5 80.9879
50 0.00515 -1206.32 80.9879
51 -0.00075 -971.994 65.999
51 -0.00065 -972.386 65.999
51 -0.00055 -972.743 65.999
51 -0.00045 -973.066 65.999
51 -0.00035 -973.349 65.999
51 -0.00025 -973.604 65.999
51 -0.00015 -973.813 65.999
51 -5e-05 -973.99 65.999
51 5e-05 -974.127 65.999
51 0.00015 -974.218 65.999
51 0.00025 -974.276 65.999
51 0.00035 -974.287 65.999
51 0.00045 -974.264 65.999
51 0.00055 -974.205 65.999
51 0.00065 -974.116 65.999
51 0.00075 -974.004 65.999
51 0.00085 -973.865 65.999
51 0.00095 -973.719 65.999
51 0.00105 -973.565 65.999
51 0.00115 -973.41 65.999
51 0.00125 -973.262 65.999
51 0.00135 -973.116 65.999
51 0.00145 -972.97 65.999
51 0.00155 -972.841 65.999
51 0.00165 -972.712 65.999
52 -0.00075 -1052.31 70.9975
52 -0.00065 -1052.84 70.9975
52 -0.00055 -1053.33 70.9975
52 -0.00045 -1053.8 70.9975
52 -0.00035 -1054.22 70.9975
52 -0.00025 -1054.61 70.9975
52 -0.00015 -1054.96 70.9975
52 -5e-05 -1055.27 70.9975
52 5e-05 -1055.55 70.9975
52 0.00015 -1055.79 70.9975
52 0.00025 -1056 70.9975
52 0.00035 -1056.16 70.9975
52 0.00045 -1056.29 70.9975
52 0.00055 -1056.38 70.9975
52 0.00065 -1056.44 70.9975
52 0.00075 -1056.45 70.9975
52 0.00085 -1056.43 70.9975
52 0.00095 -1056.37 70.9975
52 0.00105 -1056.27 70.9975
52 0.00115 -1056.15 70.9975
52 0.00125 -1056 70.9975
52 0.00135 -1055.83 70.9975
52 0.00145 -1055.65 70.9975
52 0.00155 -1055.44 70.9975
52 0.00165 -1055.23 70.9975
53 0.00225 -1303.9 86.9728
53 0.00235 -1304.03 86.9728
53 0.00245 -1304.16 86.9728
53 0.00255 -1304.31 86.9728
53 0.00265 -1304.45 86.9728
53 0.00275 -1304.59 86.9728
53 0.00285 -1304.72 86.9728
53 0.00295 -1304.84 86.9728
53 0.00305 -1304.95 86.9728
53 0.00315 -1305.03 86.9728
53 0.00325 -1305.09 86.9728
53 0.00335 -1305.14 86.9728
53 0.00345 -1305.14 86.9728
53 0.00355 -1305.13 86.9728
53 0.00365 -1305.09 86.9728
53 0.00375 -1305.03 86.9728
53 0.00385 -1304.94 86.9728
53 0.00395 -1304.83 86.9728
53 0.00405 -1304.7 86.9728
53 0.00415 -1304.56 86.9728
53 0.00425 -1304.4 86.9728
53 0.00435 -1304.23 86.9728
53 0.00445 -1304.04 86.9728
53 0.00455 -1303.84 86.9728
53 0.00465 -1303.62 86.9728
54 -0.00175 -1115.33 74.9952
54 -0.00165 -1115.97 74.9952
54 -0.00155 -1116.56 74.9952
54 -0.00145 -1117.11 74.9952
54 -0.00135 -1117.62 74.9952
54 -0.00125 -1118.07 74.9952
54 -0.00115 -1118.48 74.9952
54 -0.00105 -1118.84 74.9952
54 -0.00095 -1119.14 74.9952
54 -0.00085 -1119.4 74.9952
54 -0.00075 -1119.6 74.9952
54 -0.00065 -1119.76 74.9952
54 -0.00055 -1119.87 74.9952
54 -0.00045 -1119.94 74.9952
54 -0.00035 -1119.96 74.9952
54 -0.00025 -1119.94 74.9952
54 -0.00015 -1119.89 74.9952
54 -5e-05 -1119.8 74.9952
54 5e-05 -1119.67 74.9952
54 0.00015 -1119.5 74.9952
54 0.00025 -1119.3 74.9952
54 0.00035 -1119.07 74.9952
54 0.00045 -1118.82 74.9952
54 0.00055 -1118.54 74.9952
54 0.00065 -1118.24 74.9952
55 0.00275 -1130.06 75.9943
55 0.00285 -1130.27 75.9943
55 0.00295 -1130.48 75.9943
55 0.00305 -1130.66 75.9943
55 0.00315 -1130.82 75.9943
55 0.00325 -1130.96 75.9943
55 0.00335 -1131.09 75.9943
55 0.00345 -1131.18 75.9943
55 0.00355 -1131.25 75.9943
55 0.00365 -1131.3 75.9943
55 0.00375 -1131.31 75.9943
55 0.00385 -1131.31 75.9943
55 0.00395 -1131.29 75.9943
55 0.00405 -1131.24 75.9943
55 0.00415 -1131.17 75.9943
55 0.00425 -1131.09 75.9943
55 0.00435 -1130.98 75.9943
55 0.00445 -1130.85 75.9943
55 0.00455 -1130.71 75.9943
55 0.00465 -1130.54 75.9943
55 0.00475 -1130.36 75.9943
55 0.00485 -1130.16 75.9943
55 0.00495 -1129.96 75.9943
55 0.00505 -1129.74 75.9943
55 0.00515 -1129.52 75.9943
56 0.00025 -958.109 64.9743
56 0.00035 -958.486 64.9743
56 0.00045 -958.819 64.9743
56 0.00055 -959.116 64.9743
56 0.00065 -959.38 64.9743
56 0.00075 -959.597 64.9743
56 0.00085 -959.785 64.9743
56 0.00095 -959.929 64.9743
56 0.00105 -960.039 64.9743
56 0.00115 -960.115 64.9743
56 0.00125 -960.153 64.9743
56 0.00135 -960.158 64.9743
56 0.00145 -960.134 64.9743
56 0.00155 -960.07 64.9743
56 0.00165 -959.973 64.9743
56 0.00175 -959.843 64.9743
56 0.00185 -959.679 64.9743
56 0.00195 -959.502 64.9743
56 0.00205 -959.293 64.9743
56 0.00215 -959.078 64.9743
56 0.00225 -958.851 64.9743
56 0.00235 -958.613 64.9743
56 0.00245 -958.363 64.9743
56 0.00255 -958.121 64.9743
56 0.00265 -957.878 64.9743
57 -0.00125 -1157.31 77.9923
57 -0.00115 -1158.03 77.9923
57 -0.00105 -1158.71 77.9923
57 -0.00095 -1159.35 77.9923
57 -0.00085 -1159.93 77.9923
57 -0.00075 -1160.45 77.9923
57 -0.00065 -1160.92 77.9923
57 -0.00055 -1161.32 77.9923
57 -0.00045 -1161.65 77.9923
57 -0.00035 -1161.92 77.9923
57 -0.00025 -1162.14 77.9923
57 -0.00015 -1162.28 77.9923
57 -5e-05 -1162.37 77.9923
57 5e-05 -1162.41 77.9923
57 0.00015 -1162.4 77.9923
57 0.00025 -1162.35 77.9923
57 0.00035 -1162.27 77.9923
57 0.00045 -1162.17 77.9923
57 0.00055 -1162.05 77.9923
57 0.00065 -1161.92 77.9923
57 0.00075 -1161.77 77.9923
57 0.00085 -1161.63 77.9923
57 0.00095 -1161.48 77.9923
57 0.00105 -1161.33 77.9923
57 0.00115 -1161.19 77.9923
58 -0.00075 -1208.6 80.9879
58 -0.00065 -1208.9 80.9879
58 -0.00055 -1209.18 80.9879
58 -0.00045 -1209.44 80.9879
58 -0.00035 -1209.67 80.9879
58 -0.00025 -1209.87 80.9879
58 -0.00015 -1210.05 80.9879
58 -5e-05 -1210.2 80.9879
58 5e-05 -1210.33 80.9879
58 0.00015 -1210.43 80.9879
58 0.00025 -1210.5 80.9879
58 0.00035 -1210.55 80.9879
58 0.00045 -1210.58 80.9879
58 0.00055 -1210.58 80.9879
58 0.00065 -1210.56 80.9879
58 0.00075 -1210.52 80.9879
58 0.00085 -1210.46 80.9879
58 0.00095 -1210.39 80.9879
58 0.00105 -1210.29 80.9879
58 0.00115 -1210.2 80.9879
58 0.00125 -1210.1 80.9879
58 0.00135 -1209.99 80.9879
58 0.00145 -1209.89 80.9879
58 0.00155 -1209.79 80.9879
58 0.00165 -1209.69 80.9879
59 -0.00175 -1176.25 78.991
59 -0.00165 -1176.68 78.991
59 -0.00155 -1177.07 78.991
59 -0.00145 -1177.45 78.991
59 -0.00135 -1177.8 78.991
59 -0.00125 -1178.14 78.991
59 -0.00115 -1178.44 78.991
59 -0.00105 -1178.72 78.991
59 -0.00095 -1178.98 78.991
59 -0.00085 -1179.2 78.991
59 -0.00075 -1179.41 78.991
59 -0.00065 -1179.57 78.991
59 -0.00055 -1179.7 78.991
59 -0.00045 -1179.8 78.991
59 -0.00035 -1179.85 78.991
59 -0.00025 -1179.87 78.991
59 -0.00015 -1179.84 78.991
59 -5e-05 -1179.77 78.991
59 5e-05 -1179.66 78.991
59 0.00015 -1179.52 78.991
59 0.00025 -1179.34 78.991
59 0.00035 -1179.15 78.991
59 0.00045 -1178.94 78.991
59 0.00055 -1178.71 78.991
59 0.00065 -1178.48 78.991
60 -0.00125 -1256.65 83.9817
60 -0.00115 -1257.14 83.9817
60 -0.00105 -1257.59 83.9817
60 -0.00095 -1258 83.9817
60 -0.00085 -1258.35 83.9817
60 -0.00075 -1258.67 83.9817
60 -0.00065 -1258.91 83.9817
60 -0.00055 -1259.12 83.9817
60 -0.00045 -1259.26 83.9817
60 -0.00035 -1259.35 83.9817
60 -0.00025 -1259.39 83.9817
60 -0.00015 -1259.39 83.9817
60 -5e-05 -1259.34 83.9817
60 5e-05 -1259.25 83.9817
60 0.00015 -1259.13 83.9817
60 0.00025 -1258.98 83.9817
60 0.00035 -1258.81 83.9817
60 0.00045 -1258.61 83.9817
60 0.00055 -1258.42 83.9817
60 0.00065 -1258.21 83.9817
60 0.00075 -1258.02 83.9817
60 0.00085 -1257.83 83.9817
60 0.00095 -1257.66 83.9817
60 0.00105 -1257.51 83.9817
60 0.00115 -1257.37 83.9817
61 0.00025 -1050.21 70.9975
61 0.00035 -1050.35 70.9975
61 0.00045 -1050.47 70.9975
61 0.00055 -1050.6 70.9975
61 0.00065 -1050.72 70.9975
61 0.00075 -1050.84 70.9975
61 0.00085 -1050.96 70.9975
61 0.00095 -1051.06 70.9975
61 0.00105 -1051.17 70.9975
61 0.00115 -1051.26 70.9975
61 0.00125 -1051.35 70.9975
61 0.00135 -1051.42 70.9975
61 0.00145 -1051.48 70.9975
61 0.00155 -1051.52 70.9975
61 0.00165 -1051.54 70.9975
61 0.00175 -1051.54 70.9975
61 0.00185 -1051.52 70.9975
61 0.00195 -1051.49 70.9975
61 0.00205 -1051.44 70.9975
61 0.00215 -1051.38 70.9975
61 0.00225 -1051.32 70.9975
61 0.00235 -1051.25 70.9975
61 0.00245 -1051.16 70.9975
61 0.00255 -1051.08 70.9975
61 0.00265 -1050.98 70.9975
62 -0.00075 -831.199 56.9938
62 -0.00065 -831.264 56.9938
62 -0.00055 -831.344 56.9938
62 -0.00045 -831.406 56.9938
62 -0.00035 -831.483 56.9938
62 -0.00025 -831.556 56.9938
62 -0.00015 -831.624 56.9938
62 -5e-05 -831.695 56.9938
62 5e-05 -831.762 56.9938
62 0.00015 -831.828 56.9938
62 0.00025 -831.88 56.9938
62 0.00035 -831.934 56.9938
62 0.00045 -831.975 56.9938
62 0.00055 -832.002 56.9938
62 0.00065 -832.019 56.9938
62 0.00075 -832.02 56.9938
62 0.00085 -832.011 56.9938
62 0.00095 -831.98 56.9938
62 0.00105 -831.947 56.9938
62 0.00115 -831.899 56.9938
62 0.00125 -831.844 56.9938
62 0.00135 -831.781 56.9938
62 0.00145 -831.709 56.9938
62 0.00155 -831.628 56.9938
62 0.00165 -831.537 56.9938
63 -0.00025 -1102.3 73.9959
63 -0.00015 -1102.72 73.9959
63 -5e-05 -1103.1 73.9959
63 5e-05 -1103.44 73.9959
63 0.00015 -1103.73 73.9959
63 0.00025 -1103.98 73.9959
63 0.00035 -1104.18 73.9959
63 0.00045 -1104.34 73.9959
63 0.00055 -1104.45 73.9959
63 0.00065 -1104.53 73.9959
63 0.00075 -1104.56 73.9959
63 0.00085 -1104.55 73.9959
63 0.00095 -1104.51 73.9959
63 0.00105 -1104.42 73.9959
63 0.00115 -1104.3 73.9959
63 0.00125 -1104.14 73.9959
63 0.00135 -1103.96 73.9959
63 0.00145 -1103.74 73.9959
63 0.00155 -1103.5 73.9959
63 0.00165 -1103.24 73.9959
63 0.00175 -1102.96 73.9959
63 0.00185 -1102.66 73.9959
63 0.00195 -1102.35 73.9959
63 0.00205 -1102.03 73.9959
63 0.00215 -1101.7 73.9959
64 -0.00025 -1341.48 88.9651
64 -0.00015 -1342.11 88.9651
64 -5e-05 -1342.67 88.9651
64 5e-05 -1343.18 88.9651
64 0.00015 -1343.63 88.9651
64 0.00025 -1344.03 88.9651
64 0.00035 -1344.39 88.9651
64 0.00045 -1344.69 88.9651
64 0.00055 -1344.95 88.9651
64 0.00065 -1345.16 88.9651
64 0.00075 -1345.33 88.9651
64 0.00085 -1345.45 88.9651
64 0.00095 -1345.53 88.9651
64 0.00105 -1345.57 88.9651
64 0.00115 -1345.56 88.9651
64 0.00125 -1345.52 88.9651
64 0.00135 -1345.43 88.9651
64 0.00145 -1345.32 88.9651
64 0.00155 -1345.17 88.9651
64 0.00165 -1344.98 88.9651
64 0.00175 -1344.77 88.9651
64 0.00185 -1344.54 88.9651
64 0.00195 -1344.28 88.9651
64 0.00205 -1344.01 88.9651
64 0.00215 -1343.74 88.9651
65 -0.00075 -1001.1 67.9985
65 -0.00065 -1001.74 67.9985
65 -0.00055 -1002.33 67.9985
65 -0.00045 -1002.86 67.9985
65 -0.00035 -1003.34 67.9985
65 -0.00025 -1003.75 67.9985
65 -0.00015 -1004.11 67.9985
65 -5e-05 -1004.41 67.9985
65 5e-05 -1004.65 67.9985
65 0.00015 -1004.84 67.9985
65 0.00025 -1004.97 67.9985
65 0.00035 -1005.08 67.9985
65 0.00045 -1005.14 67.9985
65 0.00055 -1005.16 67.9985
65 0.00065 -1005.16 67.9985
65 0.00075 -1005.13 67.9985
65 0.00085 -1005.08 67.9985
65 0.00095 -1005.01 67.9985
65 0.00105 -1004.92 67.9985
65 0.00115 -1004.81 67.9985
65 0.00125 -1004.69 67.9985
65 0.00135 -1004.55 67.9985
65 0.00145 -1004.4 67.9985
65 0.00155 -1004.24 67.9985
65 0.00165 -1004.08 67.9985
66 0.00025 -1208.11 80.9879
66 0.00035 -1208.17 80.9879
66 0.00045 -1208.23 80.9879
66 0.00055 -1208.28 80.9879
66 0.00065 -1208.33 80.9879
66 0.00075 -1208.37 80.9879
66 0.00085 -1208.4 80.9879
66 0.00095 -1208.43 80.9879
66 0.00105 -1208.44 80.9879
66 0.00115 -1208.47 80.9879
66 0.00125 -1208.49 80.9879
66 0.00135 -1208.51 80.9879
66 0.00145 -1208.53 80.9879
66 0.00155 -1208.54 80.9879
66 0.00165 -1208.55 80.9879
66 0.00175 -1208.55 80.9879
66 0.00185 -1208.55 80.9879
66 0.00195 -1208.52 80.9879
66 0.00205 -1208.51 80.9879
66 0.00215 -1208.48 80.9879
66 0.00225 -1208.45 80.9879
66 0.00235 -1208.42 80.9879
66 0.00245 -1208.4 80.9879
66 0.00255 -1208.39 80.9879
66 0.00265 -1208.37 80.9879
67 -0.00125 -984.503 66.9988
67 -0.00115 -984.974 66.9988
67 -0.00105 -985.398 66.9988
67 -0.00095 -985.76 66.9988
67 -0.00085 -986.078 66.9988
67 -0.00075 -986.344 66.9988
67 -0.00065 -986.56 66.9988
67 -0.00055 -986.738 66.9988
67 -0.00045 -986.873 66.9988
67 -0.00035 -986.967 66.9988
67 -0.00025 -987.045 66.9988
67 -0.00015 -987.082 66.9988
67 -5e-05 -987.107 66.9988
67 5e-05 -987.104 66.9988
67 0.00015 -987.085 66.9988
67 0.00025 -987.041 66.9988
67 0.00035 -986.975 66.9988
67 0.00045 -986.898 66.9988
67 0.00055 -986.803 66.9988
67 0.00065 -986.688 66.9988
67 0.00075 -986.559 66.9988
67 0.00085 -986.414 66.9988
67 0.00095 -986.256 66.9988
67 0.00105 -986.093 66.9988
67 0.00115 -985.923 66.9988
68 0.00225 -956.747 64.9743
68 0.00235 -956.786 64.9743
68 0.00245 -956.818 64.9743
68 0.00255 -956.866 64.9743
68 0.00265 -956.914 64.9743
68 0.00275 -956.968 64.9743
68 0.00285 -957.031 64.9743
68 0.00295 -957.09 64.9743
68 0.00305 -957.166 64.9743
68 0.00315 -957.228 64.9743
68 0.00325 -957.298 64.9743
68 0.00335 -957.357 64.9743
68 0.00345 -957.404 64.9743
68 0.00355 -957.442 64.9743
68 0.00365 -957.462 64.9743
68 0.00375 -957.465 64.9743
68 0.00385 -957.452 64.9743
68 0.00395 -957.42 64.9743
68 0.00405 -957.375 64.9743
68 0.00415 -957.314 64.9743
68 0.00425 -957.24 64.9743
68 0.00435 -957.149 64.9743
68 0.00445 -957.042 64.9743
68 0.00455 -956.922 64.9743
68 0.00465 -956.781 64.9743
69 -0.00125 -1096.43 73.9959
69 -0.00115 -1096.75 73.9959
69 -0.00105 -1097.05 73.9959
69 -0.00095 -1097.33 73.9959
69 -0.00085 -1097.58 73.9959
69 -0.00075 -1097.81 73.9959
69 -0.00065 -1098.01 73.9959
69 -0.00055 -1098.19 73.9959
69 -0.00045 -1098.34 73.9959
69 -0.00035 -1098.44 73.9959
69 -0.00025 -1098.53 73.9959
69 -0.00015 -1098.58 73.9959
69 -5e-05 -1098.6 73.9959
69 5e-05 -1098.6 73.9959
69 0.00015 -1098.57 73.9959
69 0.00025 -1098.51 73.9959
69 0.00035 -1098.44 73.9959
69 0.00045 -1098.32 73.9959
69 0.00055 -1098.19 73.9959
69 0.00065 -1098.03 73.9959
69 0.00075 -1097.85 73.9959
69 0.00085 -1097.65 73.9959
69 0.00095 -1097.43 73.9959
69 0.00105 -1097.2 73.9959
69 0.00115 -1096.96 73.9959
70 0.00025 -1176.42 78.991
70 0.00035 -1176.58 78.991
70 0.00045 -1176.72 78.991
70 0.00055 -1176.85 78.991
70 0.00065 -1176.97 78.991
70 0.00075 -1177.07 78.991
70 0.00085 -1177.17 78.991
70 0.00095 -1177.26 78.991
70 0.00105 -1177.34 78.991
70 0.00115 -1177.42 78.991
70 0.00125 -1177.48 78.991
70 0.00135 -1177.53 78.991
70 0.00145 -1177.56 78.991
70 0.00155 -1177.58 78.991
70 0.00165 -1177.58 78.991
70 0.00175 -1177.57 78.991
70 0.00185 -1177.55 78.991
70 0.00195 -1177.52 78.991
70 0.00205 -1177.48 78.991
70 0.00215 -1177.44 78.991
70 0.00225 -1177.39 78.991
70 0.00235 -1177.35 78.991
70 0.00245 -1177.31 78.991
70 0.00255 -1177.26 78.991
70 0.00265 -1177.22 78.991
71 0.00225 -1051.89 70.9975
71 0.00235 -1051.99 70.9975
71 0.00245 -1052.09 70.9975
71 0.00255 -1052.18 70.9975
71 0.00265 -1052.26 70.9975
71 0.00275 -1052.34 70.9975
71 0.00285 -1052.43 70.9975
71 0.00295 -1052.51 70.9975
71 0.00305 -1052.58 70.9975
71 0.00315 -1052.65 70.9975
71 0.00325 -1052.72 70.9975
71 0.00335 -1052.77 70.9975
71 0.00345 -1052.82 70.9975
71 0.00355 -1052.85 70.9975
71 0.00365 -1052.87 70.9975
71 0.00375 -1052.88 70.9975
71 0.00385 -1052.86 70.9975
71 0.00395 -1052.84 70.9975
71 0.00405 -1052.8 70.9975
71 0.00415 -1052.74 70.9975
71 0.00425 -1052.66 70.9975
71 0.00435 -1052.57 70.9975
71 0.00445 -1052.46 70.9975
71 0.00455 -1052.34 70.9975
71 0.00465 -1052.2 70.9975
72 -0.00075 -1188.84 79.9896
72 -0.00065 -1189.54 79.9896
72 -0.00055 -1190.21 79.9896
72 -0.00045 -1190.83 79.9896
72 -0.00035 -1191.4 79.9896
72 -0.00025 -1191.92 79.9896
72 -0.00015 -1192.38 79.9896
72 -5e-05 -1192.79 79.9896
72 5e-05 -1193.13 79.9896
72 0.00015 -1193.43 79.9896
72 0.00025 -1193.67 79.9896
72 0.00035 -1193.86 79.9896
72 0.00045 -1194 79.9896
72 0.00055 -1194.09 79.9896
72 0.00065 -1194.14 79.9896
72 0.00075 -1194.14 79.9896
72 0.00085 -1194.12 79.9896
72 0.00095 -1194.05 79.9896
72 0.00105 -1193.96 79.9896
72 0.00115 -1193.84 79.9896
72 0.00125 -1193.71 79.9896
72 0.00135 -1193.56 79.9896
72 0.00145 -1193.39 79.9896
72 0.00155 -1193.21 79.9896
72 0.00165 -1193.01 79.9896
73 -0.00075 -1179.09 78.991
73 -0.00065 -1179.68 78.991
73 -0.00055 -1180.21 78.991
73 -0.00045 -1180.68 78.991
73 -0.00035 -1181.11 78.991
73 -0.00025 -1181.46 78.991
73 -0.00015 -1181.76 78.991
73 -5e-05 -1181.99 78.991
73 5e-05 -1182.18 78.991
73 0.00015 -1182.31 78.991
73 0.00025 -1182.39 78.991
73 0.00035 -1182.42 78.991
73 0.00045 -1182.41 78.991
73 0.00055 -1182.36 78.991
73 0.00065 -1182.27 78.991
73 0.00075 -1182.15 78.991
73 0.00085 -1181.99 78.991
73 0.00095 -1181.81 78.991
73 0.00105 -1181.61 78.991
73 0.00115 -1181.38 78.991
73 0.00125 -1181.14 78.991
73 0.00135 -1180.88 78.991
73 0.00145 -1180.61 78.991
73 0.00155 -1180.34 78.991
73 0.00165 -1180.06 78.991
74 -0.00075 -1064.57 71.9971
74 -0.00065 -1065.17 71.9971
74 -0.00055 -1065.75 71.9971
74 -0.00045 -1066.28 71.9971
74 -0.00035 -1066.77 71.9971
74 -0.00025 -1067.22 71.9971
74 -0.00015 -1067.62 71.9971
74 -5e-05 -1067.97 71.9971
74 5e-05 -1068.27 71.9971
74 0.00015 -1068.53 71.9971
74 0.00025 -1068.72 71.9971
74 0.00035 -1068.88 71.9971
74 0.00045 -1068.98 71.9971
74 0.00055 -1069.04 71.9971
74 0.00065 -1069.04 71.9971
74 0.00075 -1069 71.9971
74 0.00085 -1068.92 71.9971
74 0.00095 -1068.8 71.9971
74 0.00105 -1068.64 71.9971
74 0.00115 -1068.47 71.9971
74 0.00125 -1068.27 71.9971
74 0.00135 -1068.06 71.9971
74 0.00145 -1067.85 71.9971
74 0.00155 -1067.63 71.9971
74 0.00165 -1067.41 71.9971
75 -0.00075 -1015.3 68.9983
75 -0.00065 -1015.58 68.9983
75 -0.00055 -1015.84 68.9983
75 -0.00045 -1016.12 68.9983
75 -0.00035 -1016.38 68.9983
75 -0.00025 -1016.63 68.9983
75 -0.00015 -1016.87 68.9983
75 -5e-05 -1017.08 68.9983
75 5e-05 -1017.28 68.9983
75 0.00015 -1017.45 68.9983
75 0.00025 -1017.61 68.9983
75 0.00035 -1017.73 68.9983
75 0.00045 -1017.83 68.9983
75 0.00055 -1017.9 68.9983
75 0.00065 -1017.94 68.9983
75 0.00075 -1017.95 68.9983
75 0.00085 -1017.93 68.9983
75 0.00095 -1017.88 68.9983
75 0.00105 -1017.8 68.9983
75 0.00115 -1017.71 68.9983
75 0.00125 -1017.6 68.9983
75 0.00135 -1017.47 68.9983
75 0.00145 -1017.33 68.9983
75 0.00155 -1017.19 68.9983
75 0.00165 -1017.04 68.9983
76 -0.00025 -1081.79 72.9965
76 -0.00015 -1082.23 72.9965
76 -5e-05 -1082.63 72.9965
76 5e-05 -1082.98 72.9965
76 0.00015 -1083.29 72.9965
76 0.00025 -1083.56 72.9965
76 0.00035 -1083.78 72.9965
76 0.00045 -1083.95 72.9965
76 0.00055 -1084.08 72.9965
76 0.00065 -1084.15 72.9965
76 0.00075 -1084.19 72.9965
76 0.00085 -1084.17 72.9965
76 0.00095 -1084.11 72.9965
76 0.00105 -1084.01 72.9965
76 0.00115 -1083.86 72.9965
76 0.00125 -1083.69 72.9965
76 0.00135 -1083.48 72.9965
76 0.00145 -1083.25 72.9965
76 0.00155 -1083.02 72.9965
76 0.00165 -1082.79 72.9965
76 0.00175 -1082.56 72.9965
76 0.00185 -1082.37 72.9965
76 0.00195 -1082.18 72.9965
76 0.00205 -1082.03 72.9965
76 0.00215 -1081.91 72.9965
77 -0.00175 -984.732 66.9988
77 -0.00165 -985.109 66.9988
77 -0.00155 -985.472 66.9988
77 -0.00145 -985.821 66.9988
77 -0.00135 -986.149 66.9988
77 -0.00125 -986.454 66.9988
77 -0.00115 -986.736 66.9988
77 -0.00105 -986.983 66.9988
77 -0.00095 -987.195 66.9988
77 -0.00085 -987.384 66.9988
77 -0.00075 -987.528 66.9988
77 -0.00065 -987.639 66.9988
77 -0.00055 -987.714 66.9988
77 -0.00045 -987.748 66.9988
77 -0.00035 -987.752 66.9988
77 -0.00025 -987.723 66.9988
77 -0.00015 -987.676 66.9988
77 -5e-05 -987.599 66.9988
77 5e-05 -987.51 66.9988
77 0.00015 -987.401 66.9988
77 0.00025 -987.271 66.9988
77 0.00035 -987.128 66.9988
77 0.00045 -986.962 66.9988
77 0.00055 -986.783 66.9988
77 0.00065 -986.596 66.9988
78 -0.00175 -1016.59 68.9983
78 -0.00165 -1017.1 68.9983
78 -0.00155 -1017.61 68.9983
78 -0.00145 -1018.07 68.9983
78 -0.00135 -1018.52 68.9983
78 -0.00125 -1018.92 68.9983
78 -0.00115 -1019.29 68.9983
78 -0.00105 -1019.63 68.9983
78 -0.00095 -1019.91 68.9983
78 -0.00085 -1020.16 68.9983
78 -0.00075 -1020.37 68.9983
78 -0.00065 -1020.52 68.9983
78 -0.00055 -1020.64 68.9983
78 -0.00045 -1020.71 68.9983
78 -0.00035 -1020.75 68.9983
78 -0.00025 -1020.74 68.9983
78 -0.00015 -1020.7 68.9983
78 -5e-05 -1020.64 68.9983
78 5e-05 -1020.55 68.9983
78 0.00015 -1020.44 68.9983
78 0.00025 -1020.3 68.9983
78 0.00035 -1020.15 68.9983
78 0.00045 -1019.98 68.9983
78 0.00055 -1019.8 68.9983
78 0.00065 -1019.61 68.9983
79 -0.00025 -874.192 59.989
79 -0.00015 -874.562 59.989
79 -5e-05 -874.932 59.989
79 5e-05 -875.283 59.989
79 0.00015 -875.617 59.989
79 0.00025 -875.931 59.989
79 0.00035 -876.216 59.989
79 0.00045 -876.481 59.989
79 0.00055 -876.714 59.989
79 0.00065 -876.921 59.989
79 0.00075 -877.095 59.989
79 0.00085 -877.24 59.989
79 0.00095 -877.35 59.989
79 0.00105 -877.424 59.989
79 0.00115 -877.463 59.989
79 0.00125 -877.471 59.989
79 0.00135 -877.445 59.989
79 0.00145 -877.39 59.989
79 0.00155 -877.315 59.989
79 0.00165 -877.226 59.989
79 0.00175 -877.12 59.989
79 0.00185 -877.016 59.989
79 0.00195 -876.898 59.989
79 0.00205 -876.781 59.989
79 0.00215 -876.661 59.989
80 -0.00075 -1083.11 72.9965
80 -0.00065 -1083.27 72.9965
80 -0.00055 -1083.39 72.9965
80 -0.00045 -1083.49 72.9965
80 -0.00035 -1083.56 72.9965
80 -0.00025 -1083.61 72.9965
80 -0.00015 -1083.64 72.9965
80 -5e-05 -1083.68 72.9965
80 5e-05 -1083.7 72.9965
80 0.00015 -1083.71 72.9965
80 0.00025 -1083.73 72.9965
80 0.00035 -1083.72 72.9965
80 0.00045 -1083.73 72.9965
80 0.00055 -1083.71 72.9965
80 0.00065 -1083.7 72.9965
80 0.00075 -1083.68 72.9965
80 0.00085 -1083.66 72.9965
80 0.00095 -1083.63 72.9965
80 0.00105 -1083.6 72.9965
80 0.00115 -1083.57 72.9965
80 0.00125 -1083.52 72.9965
80 0.00135 -1083.48 72.9965
80 0.00145 -1083.43 72.9965
80 0.00155 -1083.37 72.9965
80 0.00165 -1083.31 72.9965
81 0.00325 -983.628 66.9988
81 0.00335 -983.828 66.9988
81 0.00345 -984.006 66.9988
81 0.00355 -984.17 66.9988
81 0.00365 -984.312 66.9988
81 0.00375 -984.435 66.9988
81 0.00385 -984.538 66.9988
81 0.00395 -984.624 66.9988
81 0.00405 -984.693 66.9988
81 0.00415 -984.743 66.9988
81 0.00425 -984.774 66.9988
81 0.00435 -984.783 66.9988
81 0.00445 -984.775 66.9988
81 0.00455 -984.739 66.9988
81 0.00465 -984.689 66.9988
81 0.00475 -984.615 66.9988
81 0.00485 -984.532 66.9988
81 0.00495 -984.429 66.9988
81 0.00505 -984.313 66.9988
81 0.00515 -984.19 66.9988
81 0.00525 -984.054 66.9988
81 0.00535 -983.913 66.9988
81 0.00545 -983.764 66.9988
81 0.00555 -983.613 66.9988
81 0.00565 -983.457 66.9988
82 -0.00025 -800.372 54.996
82 -0.00015 -800.576 54.996
82 -5e-05 -800.772 54.996
82 5e-05 -800.952 54.996
82 0.00015 -801.12 54.996
82 0.00025 -801.27 54.996
82 0.00035 -801.397 54.996
82 0.00045 -801.499 54.996
82 0.00055 -801.583 54.996
82 0.00065 -801.64 54.996
82 0.00075 -801.68 54.996
82 0.00085 -801.707 54.996
82 0.00095 -801.718 54.996
82 0.00105 -801.714 54.996
82 0.00115 -801.704 54.996
82 0.00125 -801.679 54.996
82 0.00135 -801.651 54.996
82 0.00145 -801.613 54.996
82 0.00155 -801.567 54.996
82 0.00165 -801.511 54.996
82 0.00175 -801.447 54.996
82 0.00185 -801.379 54.996
82 0.00195 -801.3 54.996
82 0.00205 -801.221 54.996
82 0.00215 -801.129 54.996
83 -0.00075 -924.309 62.9814
83 -0.00065 -924.796 62.9814
83 -0.00055 -925.233 62.9814
83 -0.00045 -925.631 62.9814
83 -0.00035 -925.975 62.9814
83 -0.00025 -926.274 62.9814
83 -0.00015 -926.53 62.9814
83 -5e-05 -926.737 62.9814
83 5e-05 -926.903 62.9814
83 0.00015 -927.027 62.9814
83 0.00025 -927.113 62.9814
83 0.00035 -927.167 62.9814
83 0.00045 -927.188 62.9814
83 0.00055 -927.19 62.9814
83 0.00065 -927.17 62.9814
83 0.00075 -927.136 62.9814
83 0.00085 -927.093 62.9814
83 0.00095 -927.033 62.9814
83 0.00105 -926.971 62.9814
83 0.00115 -926.894 62.9814
83 0.00125 -926.813 62.9814
83 0.00135 -926.731 62.9814
83 0.00145 -926.634 62.9814
83 0.00155 -926.542 62.9814
83 0.00165 -926.435 62.9814
84 -0.00075 -1159.16 77.9923
84 -0.00065 -1159.6 77.9923
84 -0.00055 -1159.98 77.9923
84 -0.00045 -1160.33 77.9923
84 -0.00035 -1160.64 77.9923
84 -0.00025 -1160.89 77.9923
84 -0.00015 -1161.11 77.9923
84 -5e-05 -1161.27 77.9923
84 5e-05 -1161.4 77.9923
84 0.00015 -1161.47 77.9923
84 0.00025 -1161.51 77.9923
84 0.00035 -1161.51 77.9923
84 0.00045 -1161.48 77.9923
84 0.00055 -1161.4 77.9923
84 0.00065 -1161.28 77.9923
84 0.00075 -1161.14 77.9923
84 0.00085 -1160.96 77.9923
84 0.00095 -1160.74 77.9923
84 0.00105 -1160.5 77.9923
84 0.00115 -1160.23 77.9923
84 0.00125 -1159.93 77.9923
84 0.00135 -1159.6 77.9923
84 0.00145 -1159.26 77.9923
84 0.00155 -1158.89 77.9923
84 0.00165 -1158.52 77.9923
85 -0.00075 -1117.9 74.9952
85 -0.00065 -1118.29 74.9952
85 -0.00055 -1118.64 74.9952
85 -0.00045 -1118.95 74.9952
85 -0.00035 -1119.23 74.9952
85 -0.00025 -1119.47 74.9952
85 -0.00015 -1119.69 74.9952
85 -5e-05 -1119.86 74.9952
85 5e-05 -1120.01 74.9952
85 0.00015 -1120.11 74.9952
85 0.00025 -1120.17 74.9952
85 0.00035 -1120.19 74.9952
85 0.00045 -1120.17 74.9952
85 0.00055 -1120.11 74.9952
85 0.00065 -1120.01 74.9952
85 0.00075 -1119.89 74.9952
85 0.00085 -1119.73 74.9952
85 0.00095 -1119.56 74.9952
85 0.00105 -1119.37 74.9952
85 0.00115 -1119.16 74.9952
85 0.00125 -1118.94 74.9952
85 0.00135 -1118.71 74.9952
85 0.00145 -1118.46 74.9952
85 0.00155 -1118.22 74.9952
85 0.00165 -1117.96 74.9952
86 0.00175 -986.375 66.9988
86 0.00185 -986.503 66.9988
86 0.00195 -986.618 66.9988
86 0.00205 -986.742 66.9988
86 0.00215 -986.852 66.9988
86 0.00225 -986.954 66.9988
86 0.00235 -987.056 66.9988
86 0.00245 -987.14 66.9988
86 0.00255 -987.217 66.9988
86 0.00265 -987.28 66.9988
86 0.00275 -987.332 66.9988
86 0.00285 -987.374 66.9988
86 0.00295 -987.396 66.9988
86 0.00305 -987.406 66.9988
86 0.00315 -987.398 66.9988
86 0.00325 -987.368 66.9988
86 0.00335 -987.325 66.9988
86 0.00345 -987.264 66.9988
86 0.00355 -987.192 66.9988
86 0.00365 -987.099 66.9988
86 0.00375 -986.999 66.9988
86 0.00385 -986.885 66.9988
86 0.00395 -986.756 66.9988
86 0.00405 -986.617 66.9988
86 0.00415 -986.469 66.9988
87 -0.00125 -1064.14 71.9971
87 -0.00115 -1064.51 71.9971
87 -0.00105 -1064.87 71.9971
87 -0.00095 -1065.19 71.9971
87 -0.00085 -1065.48 71.9971
87 -0.00075 -1065.74 71.9971
87 -0.00065 -1065.98 71.9971
87 -0.00055 -1066.19 71.9971
87 -0.00045 -1066.36 71.9971
87 -0.00035 -1066.5 71.9971
87 -0.00025 -1066.61 71.9971
87 -0.00015 -1066.7 71.9971
87 -5e-05 -1066.75 71.9971
87 5e-05 -1066.79 71.9971
87 0.00015 -1066.8 71.9971
87 0.00025 -1066.79 71.9971
87 0.00035 -1066.77 71.9971
87 0.00045 -1066.75 71.9971
87 0.00055 -1066.71 71.9971
87 0.00065 -1066.67 71.9971
87 0.00075 -1066.62 71.9971
87 0.00085 -1066.55 71.9971
87 0.00095 -1066.48 71.9971
87 0.00105 -1066.39 71.9971
87 0.00115 -1066.29 71.9971
88 0.00275 -1190.54 79.9896
88 0.00285 -1190.67 79.9896
88 0.00295 -1190.81 79.9896
88 0.00305 -1190.94 79.9896
88 0.00315 -1191.07 79.9896
88 0.00325 -1191.17 79.9896
88 0.00335 -1191.28 79.9896
88 0.00345 -1191.36 79.9896
88 0.00355 -1191.42 79.9896
88 0.00365 -1191.46 79.9896
88 0.00375 -1191.48 79.9896
88 0.00385 -1191.49 79.9896
88 0.00395 -1191.47 79.9896
88 0.00405 -1191.43 79.9896
88 0.00415 -1191.39 79.9896
88 0.00425 -1191.32 79.9896
88 0.00435 -1191.24 79.9896
88 0.00445 -1191.14 79.9896
88 0.00455 -1191.03 79.9896
88 0.00465 -1190.91 79.9896
88 0.00475 -1190.78 79.9896
88 0.00485 -1190.63 79.9896
88 0.00495 -1190.47 79.9896
88 0.00505 -1190.31 79.9896
88 0.00515 -1190.15 79.9896
89 -0.00025 -1081.17 72.9965
89 -0.00015 -1081.32 72.9965
89 -5e-05 -1081.45 72.9965
89 5e-05 -1081.59 72.9965
89 0.00015 -1081.72 72.9965
89 0.00025 -1081.84 72.9965
89 0.00035 -1081.94 72.9965
89 0.00045 -1082.03 72.9965
89 0.00055 -1082.09 72.9965
89 0.00065 -1082.13 72.9965
89 0.00075 -1082.14 72.9965
89 0.00085 -1082.14 72.9965
89 0.00095 -1082.12 72.9965
89 0.00105 -1082.08 72.9965
89 0.00115 -1082.02 72.9965
89 0.00125 -1081.96 72.9965
89 0.00135 -1081.88 72.9965
89 0.00145 -1081.79 72.9965
89 0.00155 -1081.71 72.9965
89 0.00165 -1081.62 72.9965
89 0.00175 -1081.53 72.9965
89 0.00185 -1081.45 72.9965
89 0.00195 -1081.39 72.9965
89 0.00205 -1081.33 72.9965
89 0.00215 -1081.28 72.9965
90 0.00275 -1237.92 82.984
90 0.00285 -1238.1 82.984
90 0.00295 -1238.26 82.984
90 0.00305 -1238.42 82.984
90 0.00315 -1238.56 82.984
90 0.00325 -1238.69 82.984
90 0.00335 -1238.82 82.984
90 0.00345 -1238.93 82.984
90 0.00355 -1239.02 82.984
90 0.00365 -1239.09 82.984
90 0.00375 -1239.12 82.984
90 0.00385 -1239.15 82.984
90 0.00395 -1239.14 82.984
90 0.00405 -1239.11 82.984
90 0.00415 -1239.05 82.984
90 0.00425 -1238.98 82.984
90 0.00435 -1238.89 82.984
90 0.00445 -1238.78 82.984
90 0.00455 -1238.66 82.984
90 0.00465 -1238.52 82.984
90 0.00475 -1238.36 82.984
90 0.00485 -1238.19 82.984
90 0.00495 -1238 82.984
90 0.00505 -1237.81 82.984
90 0.00515 -1237.62 82.984
91 -0.00075 -1068.39 71.9971
91 -0.00065 -1068.92 71.9971
91 -0.00055 -1069.38 71.9971
91 -0.00045 -1069.8 71.9971
91 -0.00035 -1070.16 71.9971
91 -0.00025 -1070.48 71.9971
91 -0.00015 -1070.76 71.9971
91 -5e-05 -1070.99 71.9971
91 5e-05 -1071.19 71.9971
91 0.00015 -1071.35 71.9971
91 0.00025 -1071.48 71.9971
91 0.00035 -1071.58 71.9971
91 0.00045 -1071.64 71.9971
91 0.00055 -1071.68 71.9971
91 0.00065 -1071.7 71.9971
91 0.00075 -1071.69 71.9971
91 0.00085 -1071.66 71.9971
91 0.00095 -1071.62 71.9971
91 0.00105 -1071.56 71.9971
91 0.00115 -1071.48 71.9971
91 0.00125 -1071.4 71.9971
91 0.00135 -1071.29 71.9971
91 0.00145 -1071.18 71.9971
91 0.00155 -1071.04 71.9971
91 0.00165 -1070.89 71.9971
92 -0.00025 -907.877 61.9843
92 -0.00015 -907.981 61.9843
92 -5e-05 -908.084 61.9843
92 5e-05 -908.191 61.9843
92 0.00015 -908.284 61.9843
92 0.00025 -908.382 61.9843
92 0.00035 -908.471 61.9843
92 0.00045 -908.557 61.9843
92 0.00055 -908.64 61.9843
92 0.00065 -908.714 61.9843
92 0.00075 -908.785 61.9843
92 0.00085 -908.84 61.9843
92 0.00095 -908.881 61.9843
92 0.00105 -908.911 61.9843
92 0.00115 -908.922 61.9843
92 0.00125 -908.921 61.9843
92 0.00135 -908.898 61.9843
92 0.00145 -908.861 61.9843
92 0.00155 -908.803 61.9843
92 0.00165 -908.741 61.9843
92 0.00175 -908.665 61.9843
92 0.00185 -908.592 61.9843
92 0.00195 -908.516 61.9843
92 0.00205 -908.445 61.9843
92 0.00215 -908.381 61.9843
93 0.00175 -1002.27 67.9985
93 0.00185 -1002.46 67.9985
93 0.00195 -1002.63 67.9985
93 0.00205 -1002.8 67.9985
93 0.00215 -1002.97 67.9985
93 0.00225 -1003.12 67.9985
93 0.00235 -1003.28 67.9985
93 0.00245 -1003.42 67.9985
93 0.00255 -1003.56 67.9985
93 0.00265 -1003.69 67.9985
93 0.00275 -1003.79 67.9985
93 0.00285 -1003.88 67.9985
93 0.00295 -1003.95 67.9985
93 0.00305 -1004 67.9985
93 0.00315 -1004.03 67.9985
93 0.00325 -1004.03 67.9985
93 0.00335 -1004.02 67.9985
93 0.00345 -1003.98 67.9985
93 0.00355 -1003.93 67.9985
93 0.00365 -1003.86 67.9985
93 0.00375 -1003.77 67.9985
93 0.00385 -1003.66 67.9985
93 0.00395 -1003.55 67.9985
93 0.00405 -1003.41 67.9985
93 0.00415 -1003.26 67.9985
94 0.00175 -1050.78 70.9975
94 0.00185 -1050.87 70.9975
94 0.00195 -1050.96 70.9975
94 0.00205 -1051.04 70.9975
94 0.00215 -1051.12 70.9975
94 0.00225 -1051.19 70.9975
94 0.00235 -1051.24 70.9975
94 0.00245 -1051.3 70.9975
94 0.00255 -1051.34 70.9975
94 0.00265 -1051.38 70.9975
94 0.00275 -1051.39 70.9975
94 0.00285 -1051.4 70.9975
94 0.00295 -1051.38 70.9975
94 0.00305 -1051.36 70.9975
94 0.00315 -1051.31 70.9975
94 0.00325 -1051.24 70.9975
94 0.00335 -1051.16 70.9975
94 0.00345 -1051.06 70.9975
94 0.00355 -1050.95 70.9975
94 0.00365 -1050.83 70.9975
94 0.00375 -1050.68 70.9975
94 0.00385 -1050.54 70.9975
94 0.00395 -1050.38 70.9975
94 0.00405 -1050.21 70.9975
94 0.00415 -1050.03 70.9975
95 -0.00025 -1112.49 74.9952
95 -0.00015 -1112.94 74.9952
95 -5e-05 -1113.34 74.9952
95 5e-05 -1113.7 74.9952
95 0.00015 -1114 74.9952
95 0.00025 -1114.24 74.9952
95 0.00035 -1114.42 74.9952
95 0.00045 -1114.55 74.9952
95 0.00055 -1114.63 74.9952
95 0.00065 -1114.68 74.9952
95 0.00075 -1114.68 74.9952
95 0.00085 -1114.67 74.9952
95 0.00095 -1114.64 74.9952
95 0.00105 -1114.58 74.9952
95 0.00115 -1114.51 74.9952
95 0.00125 -1114.42 74.9952
95 0.00135 -1114.33 74.9952
95 0.00145 -1114.22 74.9952
95 0.00155 -1114.13 74.9952
95 0.00165 -1114.04 74.9952
95 0.00175 -1113.95 74.9952
95 0.00185 -1113.87 74.9952
95 0.00195 -1113.8 74.9952
95 0.00205 -1113.74 74.9952
95 0.00215 -1113.68 74.9952
96 -0.00075 -1036.67 69.9979
96 -0.00065 -1037.13 69.9979
96 -0.00055 -1037.56 69.9979
96 -0.00045 -1037.93 69.9979
96 -0.00035 -1038.28 69.9979
96 -0.00025 -1038.58 69.9979
96 -0.00015 -1038.84 69.9979
96 -5e-05 -1039.07 69.9979
96 5e-05 -1039.26 69.9979
96 0.00015 -1039.4 69.9979
96 0.00025 -1039.5 69.9979
96 0.00035 -1039.58 69.9979
96 0.00045 -1039.61 69.9979
96 0.00055 -1039.6 69.9979
96 0.00065 -1039.56 69.9979
96 0.00075 -1039.48 69.9979
96 0.00085 -1039.37 69.9979
96 0.00095 -1039.24 69.9979
96 0.00105 -1039.08 69.9979
96 0.00115 -1038.9 69.9979
96 0.00125 -1038.71 69.9979
96 0.00135 -1038.5 69.9979
96 0.00145 -1038.28 69.9979
96 0.00155 -1038.04 69.9979
96 0.00165 -1037.78 69.9979
97 0.00025 -1066.97 71.9971
97 0.00035 -1067.31 71.9971
97 0.00045 -1067.61 71.9971
97 0.00055 -1067.9 71.9971
97 0.00065 -1068.15 71.9971
97 0.00075 -1068.37 71.9971
97 0.00085 -1068.58 71.9971
97 0.00095 -1068.74 71.9971
97 0.00105 -1068.87 71.9971
97 0.00115 -1068.97 71.9971
97 0.00125 -1069.04 71.9971
97 0.00135 -1069.07 71.9971
97 0.00145 -1069.06 71.9971
97 0.00155 -1069.02 71.9971
97 0.00165 -1068.93 71.9971
97 0.00175 -1068.83 71.9971
97 0.00185 -1068.69 71.9971
97 0.00195 -1068.54 71.9971
97 0.00205 -1068.37 71.9971
97 0.00215 -1068.19 71.9971
97 0.00225 -1068 71.9971
97 0.00235 -1067.79 71.9971
97 0.00245 -1067.59 71.9971
97 0.00255 -1067.39 71.9971
97 0.00265 -1067.18 71.9971
98 0.00225 -1300.77 86.9728
98 0.00235 -1301.12 86.9728
98 0.00245 -1301.45 86.9728
98 0.00255 -1301.76 86.9728
98 0.00265 -1302.06 86.9728
98 0.00275 -1302.34 86.9728
98 0.00285 -1302.6 86.9728
98 0.00295 -1302.84 86.9728
98 0.00305 -1303.05 86.9728
98 0.00315 -1303.23 86.9728
98 0.00325 -1303.38 86.9728
98 0.00335 -1303.49 86.9728
98 0.00345 -1303.58 86.9728
98 0.00355 -1303.63 86.9728
98 0.00365 -1303.66 86.9728
98 0.00375 -1303.66 86.9728
98 0.00385 -1303.63 86.9728
98 0.00395 -1303.59 86.9728
98 0.00405 -1303.51 86.9728
98 0.00415 -1303.42 86.9728
98 0.00425 -1303.3 86.9728
98 0.00435 -1303.17 86.9728
98 0.00445 -1303.01 86.9728
98 0.00455 -1302.84 86.9728
98 0.00465 -1302.65 86.9728
99 -0.00025 -1019.52 68.9983
99 -0.00015 -1019.69 68.9983
99 -5e-05 -1019.87 68.9983
99 5e-05 -1020.02 68.9983
99 0.00015 -1020.16 68.9983
99 0.00025 -1020.28 68.9983
99 0.00035 -1020.39 68.9983
99 0.00045 -1020.47 68.9983
99 0.00055 -1020.54 68.9983
99 0.00065 -1020.58 68.9983
99 0.00075 -1020.61 68.9983
99 0.00085 -1020.61 68.9983
99 0.00095 -1020.59 68.9983
99 0.00105 -1020.54 68.9983
99 0.00115 -1020.47 68.9983
99 0.00125 -1020.37 68.9983
99 0.00135 -1020.25 68.9983
99 0.00145 -1020.12 68.9983
99 0.00155 -1019.96 68.9983
99 0.00165 -1019.8 68.9983
99 0.00175 -1019.63 68.9983
99 0.00185 -1019.45 68.9983
99 0.00195 -1019.28 68.9983
99 0.00205 -1019.09 68.9983
99 0.00215 -1018.91 68.9983
100 -0.00125 -1048.48 70.9975
100 -0.00115 -1048.78 70.9975
100 -0.00105 -1049.09 70.9975
100 -0.00095 -1049.37 70.9975
100 -0.00085 -1049.65 70.9975
100 -0.00075 -1049.91 70.9975
100 -0.00065 -1050.16 70.9975
100 -0.00055 -1050.39 70.9975
100 -0.00045 -1050.6 70.9975
100 -0.00035 -1050.78 70.9975
100 -0.00025 -1050.94 70.9975
100 -0.00015 -1051.07 70.9975
100 -5e-05 -1051.18 70.9975
100 5e-05 -1051.25 70.9975
100 0.00015 -1051.29 70.9975
100 0.00025 -1051.31 70.9975
100 0.00035 -1051.29 70.9975
100 0.00045 -1051.25 70.9975
100 0.00055 -1051.18 70.9975
100 0.00065 -1051.08 70.9975
100 0.00075 -1050.97 70.9975
100 0.00085 -1050.84 70.9975
100 0.00095 -1050.7 70.9975
100 0.00105 -1050.56 70.9975
100 0.00115 -1050.41 70.9975
