-1190.39 79.9475 -0.00125
-1190.99 79.9474 -0.00115
-1191.54 79.9474 -0.00105
-1192.07 79.9474 -0.00095
-1192.56 79.9474 -0.00085
-1193 79.9474 -0.00075
-1193.4 79.9474 -0.00065
-1193.75 79.9474 -0.00055
-1194.05 79.9474 -0.00045
-1194.31 79.9474 -0.00035
-1194.51 79.9474 -0.00025
-1194.68 79.9474 -0.00015
-1194.79 79.9474 -5e-05
-1194.87 79.9474 5e-05
-1194.91 79.9474 0.00015
-1194.9 79.9474 0.00025
-1194.85 79.9474 0.00035
-1194.79 79.9474 0.00045
-1194.69 79.9474 0.00055
-1194.58 79.9474 0.00065
-1194.46 79.9474 0.00075
-1194.31 79.9474 0.00085
-1194.17 79.9474 0.00095
-1194.02 79.9474 0.00105
-1193.87 79.9474 0.00115
