-703.586 75.9628 0.00325
-703.834 75.9628 0.00335
-704.086 75.9628 0.00345
-704.32 75.9628 0.00355
-704.54 75.9627 0.00365
-704.74 75.9627 0.00375
-704.909 75.9627 0.00385
-705.05 75.9627 0.00395
-705.164 75.9627 0.00405
-705.254 75.9627 0.00415
-705.31 75.9627 0.00425
-705.347 75.9627 0.00435
-705.362 75.9627 0.00445
-705.349 75.9627 0.00455
-705.315 75.9627 0.00465
-705.264 75.9627 0.00475
-705.19 75.9627 0.00485
-705.096 75.9627 0.00495
-704.985 75.9627 0.00505
-704.86 75.9627 0.00515
-704.717 75.9627 0.00525
-704.567 75.9627 0.00535
-704.406 75.9628 0.00545
-704.238 75.9628 0.00555
-704.059 75.9628 0.00565
