-1085.15 79.9494 -0.0135
-1090.9 79.9493 -0.013
-1097.2 79.9492 -0.0125
-1103.49 79.949 -0.012
-1109.28 79.9489 -0.0115
-1114.62 79.9488 -0.011
-1119.74 79.9487 -0.0105
-1124.78 79.9486 -0.01
-1129.6 79.9486 -0.0095
-1134.02 79.9485 -0.009
-1137.98 79.9484 -0.0085
-1141.6 79.9483 -0.008
-1144.99 79.9483 -0.0075
-1148.02 79.9482 -0.007
-1150.47 79.9482 -0.0065
-1152.39 79.9481 -0.006
-1154.15 79.9481 -0.0055
-1156.3 79.9481 -0.005
-1159.22 79.948 -0.0045
-1163.38 79.9479 -0.004
-1169.02 79.9478 -0.0035
-1175.31 79.9477 -0.003
-1180.91 79.9476 -0.0025
-1185.26 79.9475 -0.002
-1188.83 79.9475 -0.0015
-1191.82 79.9474 -0.001
-1193.91 79.9474 -0.0005
-1194.83 79.9474 0
-1194.74 79.9474 0.0005
-1194.1 79.9474 0.001
-1193.33 79.9474 0.0015
-1192.73 79.9474 0.002
-1192.42 79.9474 0.0025
-1192.49 79.9474 0.003
-1192.81 79.9474 0.0035
-1192.93 79.9474 0.004
-1192.71 79.9474 0.0045
-1192.07 79.9474 0.005
-1191.18 79.9474 0.0055
-1190.09 79.9475 0.006
-1188.9 79.9475 0.0065
-1187.68 79.9475 0.007
-1186.5 79.9475 0.0075
-1185.39 79.9475 0.008
-1184.35 79.9476 0.0085
-1183.37 79.9476 0.009
-1182.48 79.9476 0.0095
-1181.61 79.9476 0.01
-1180.83 79.9476 0.0105
-1180.06 79.9476 0.011
-1179.42 79.9477 0.0115
-1178.83 79.9477 0.012
-1178.3 79.9477 0.0125
-1177.82 79.9477 0.013
-1177.41 79.9477 0.0135
