81123 81123 3.5226375126544122e-06 0.0001543061309504217 -0.0007971637619524575 7.099511453222967 7.099357147092017
81123 82503 -0.00034273113146834124 2.2102800711323587 -0.0011461657103323407 15.788124206156528 13.577844135024169
81123 82703 -0.00022859584873489942 1.0352642072377876 -0.0010181475980198225 12.513681784551952 11.478417577314165
81123 84003 -0.00034074134376335137 1.82697716358963 -0.0011484772261049945 14.949810824060702 13.122833660471072
81123 91123 -0.0002740963199562772 0.1919858664506484 -0.0009978023408172391 6.948503241268683 6.756517374818035
81123 92503 -0.0006099341260180749 2.0200531412241833 -0.001360894941481438 15.766859660552461 13.746806519328278
81123 92703 -0.0005129704252080479 0.9434337886057784 -0.0012394004695076295 12.32165114437227 11.378217355766491
81123 94003 -0.0005762749102571892 1.6689015576562982 -0.0013306735719790528 14.876358641964755 13.207457084308457
82503 81123 0.00037207962433812844 2.519940558970572 -0.0006033681894546027 3.2932513308944342 0.7733107719238621
82503 82503 3.6959813637914054e-06 0.00015955246503698492 -0.0009187651169352799 7.841298619057439 7.841139066592402
82503 82703 0.00010475062132602914 0.26881917833001107 -0.0008074760691479758 5.7696911731193286 5.500871994789318
82503 84003 1.0801642531392047e-05 0.031142297201437623 -0.0009251701482297393 7.26061666350076 7.229474366299322
82503 91123 2.682393679109751e-05 3.6312959022680382 -0.0008489702162231824 4.044166128068291 0.41287022580025257
82503 92503 -0.0002701063101877571 0.05473741835078471 -0.0011445025909098522 7.872294523945491 7.817557105594706
82503 92703 -0.00018486808493685988 0.4188040299801621 -0.001041642163755265 5.852103558337904 5.433299528357742
82503 94003 -0.00023974414082709113 0.1058024632652111 -0.0011186624871970681 7.287597282312022 7.181794819046811
82703 81123 0.00024765485674625834 1.133272721144603 -0.0006368696034999077 4.182608695314862 3.049335974170259
82703 82503 -9.573107733183336e-05 0.25905634074565403 -0.0009596059872217513 10.211602015773828 9.952545675028174
82703 82703 3.780513599906121e-06 0.00017131563991378202 -0.0008448269643872544 7.686317580368177 7.686146264728263
82703 84003 -9.258556863566137e-05 0.1437206235147621 -0.0009665192951818936 9.53151001670613 9.387789393191369
82703 91123 -6.399963584115414e-05 1.9087827069939758 -0.0008688312252931541 4.610045770588223 2.701263063594247
82703 92503 -0.0003688849544787401 0.2111234082092268 -0.0011809297821853712 10.197121503801055 9.985998095591828
82703 92703 -0.00028038470843478957 0.06351134336726771 -0.0010748456538316729 7.661115541766539 7.597604198399271
82703 94003 -0.0003383197552828822 0.11771460330415769 -0.0011543367710491973 9.499545425029767 9.38183082172561
84003 81123 0.0003569652283814156 2.0741960884854955 -0.0005864225192269652 3.635518051778579 1.5613219632930835
84003 82503 -2.097068482338936e-06 0.031124184110466913 -0.0009072533438139692 8.620060264236418 8.58893608012595
84003 82703 9.912966489211118e-05 0.14844618321965503 -0.0007922850906268665 6.421290217320928 6.272844034101273
84003 84003 3.855662212092642e-06 0.0001678899497046563 -0.0009118471925993406 8.00251725071572 8.002349360766015
84003 91123 1.8454893355421844e-05 3.1221210355132816 -0.000831332041419348 4.319177015048513 1.1970559795352318
84003 92503 -0.000271024513509286 0.04871942894267086 -0.001130039586455397 8.647018128587753 8.598298699645083
84003 92703 -0.00018621422025729588 0.27779745384083027 -0.0010261902478275703 6.483582437193194 6.2057849833523635
84003 94003 -0.00024137041475048428 0.053861896884398255 -0.001103372509533099 8.02857736315204 7.974715466267642
91123 81123 0.00028204213559500054 0.18987966340336973 -0.0004400342819936227 7.805086396854737 7.615206733451367
91123 82503 -6.372288688751311e-05 3.216077496037408 -0.0008082416614461097 17.49542567940817 14.279348183370765
91123 82703 4.059124698153289e-05 1.7460071303506126 -0.00067317310510746 13.864159952828441 12.118152822477828
91123 84003 -6.185228613590142e-05 2.774551265754129 -0.0008143961444695181 16.606700227151975 13.832148961397847
91123 91123 3.910060217469997e-06 0.00019268431615344537 -0.0006533194491086592 7.252990681260159 7.252797996944006
91123 92503 -0.00031348731320037784 2.9252652489474253 -0.0010317486621526089 17.35757146065233 14.432306211704905
91123 92703 -0.00022317947749616774 1.507107197656757 -0.0009149746751309372 13.502644208999387 11.99553701134263
91123 94003 -0.0002821788107302438 2.4905967829847415 -0.0010027479561529548 16.38678384709327 13.896187064108528
92503 81123 0.0006653854553628723 2.3464786183470183 -0.0002721870827279413 3.393681184940743 1.0472025665937248
92503 82503 0.00028551371739754706 0.05417700470114994 -0.0005874595082172575 8.374566616232956 8.320389611531805
92503 82703 0.0003942429632361039 0.21665337222130032 -0.0004697616954970089 6.1278420323614045 5.9111886601401045
92503 84003 0.0002885244769908706 0.04649652623627068 -0.0005955356236561428 7.739905156192383 7.693408629956112
92503 91123 0.00030372511150581014 3.4099592561783316 -0.0005181100247946999 4.065615490807561 0.6556562346292294
92503 92503 4.228706200950214e-06 0.000209747509975463 -0.0008349368341696806 8.305440265823298 8.305230518313323
92503 92703 8.604925188113315e-05 0.2790259789841815 -0.0007223719481105676 6.131701159141464 5.8526751801572825
92503 94003 3.0871777769944616e-05 0.023717025294666075 -0.000805639058152373 7.679897687951831 7.656180662657165
92703 81123 0.0005583941617584361 1.0435099211128154 -0.0002962103519310292 4.1285294389260825 3.085019517813267
92703 82503 0.00019008797134815778 0.42066588924986215 -0.0006241288261799585 10.626652761254507 10.205986872004644
92703 82703 0.0002958343759179853 0.060029665891173804 -0.000502071424189325 7.918594782564562 7.858565116673389
92703 84003 0.00019105812147203238 0.27895443124586805 -0.0006333047294499178 9.90539610985958 9.626441678613713
92703 91123 0.00022263544251272335 1.687843588490641 -0.0005319161732332469 4.401574112237691 2.71373052374705
92703 92503 -7.842258251353414e-05 0.2682454108738614 -0.0008682923632983529 10.50213532274203 10.233889911868168
92703 92703 4.1044533489901705e-06 0.00021273915490347653 -0.0007541095239100319 7.784596977289386 7.784384238134482
92703 94003 -5.211827163796621e-05 0.14525461126438385 -0.0008399888249853474 9.762667882701571 9.617413271437186
94003 81123 0.0006278149712698437 1.9095347776003637 -0.0002823828723772657 3.6547910203146556 1.745256242714292
94003 82503 0.0002514881000876448 0.1073878436283586 -0.0006020673509175109 9.070101228394078 8.962713384765719
94003 82703 0.00036001674213673954 0.11592575106898037 -0.00048235582679088886 6.693165624673363 6.577239873604383
94003 84003 0.0002542375626557972 0.05380331680880545 -0.0006099952493174921 8.409267543612673 8.355464226803868
94003 91123 0.00027389012947940907 2.871744327454189 -0.0005252924622714264 4.23161888060103 1.3598745531468412
94003 92503 -2.284207278270743e-05 0.024339658865932964 -0.0008476837946278499 8.995275168262788 8.970935509396854
94003 92703 5.8761515458735125e-05 0.15050131136062386 -0.0007339245647632211 6.670741014063912 6.520239702703289
94003 94003 4.2439644386751025e-06 0.00021589170323484905 -0.0008174048486827805 8.337142682151828 8.336926790448594
