81123 81123 0.0014112005828114404 8.191026485472433 3.7050727610392385e-06 0.00020042579395253962 8.19082605967848
81123 82503 0.0007879146529110786 3.5175075046863626 -0.00035070165530896326 2.832108303950026 0.6853992007363368
81123 82703 0.0009490093345302371 4.552629853863072 -0.0002296188269466433 1.3439518193406164 3.208678034522456
81123 84003 0.000823612560268403 3.8868182874214523 -0.0003522092071787369 2.448230149913495 1.4385881375079572
81123 91123 0.0009139866576741778 9.152888384739237 -0.00027450608787235766 0.27070324155298997 8.882185143186247
81123 92503 0.00046888240506688916 3.600535234722877 -0.0005975917210439703 2.7468432132558482 0.8536920214670287
81123 92703 0.0005803763881118609 4.515690613703141 -0.00048548935362277155 1.2133159943048768 3.302374619398264
81123 94003 0.0005132756283639766 3.90735092950212 -0.0005657743958690784 2.335551449817351 1.5717994796847687
82503 81123 0.0030188072524827115 19.208191289340217 0.00035261620145716306 3.22807365143797 15.980117637902246
82503 82503 0.0017278604277684232 8.613071803739967 4.179161362132454e-06 0.00022975189602241576 8.612842051843945
82503 82703 0.002040023553008277 11.587393629226575 0.00010649480381539569 0.33281051494729913 11.254583114279276
82503 84003 0.0018225299168044627 9.513790987004304 3.6828998461525536e-06 0.028746817799236473 9.485044169205068
82503 91123 0.0020166468541446187 22.04001810204333 1.6481486931204966e-05 4.629659800310938 17.410358301732394
82503 92503 0.0013316488345959513 9.249177769008412 -0.00024753849917407285 0.09713286455403757 9.152044904454375
82503 92703 0.0014794439030696618 12.143371496754215 -0.00015002547192247866 0.5411599413554461 11.60221155539877
82503 94003 0.001408037368320646 10.106804330312627 -0.0002192809454939101 0.14278642670956873 9.96401790360306
82703 81123 0.002286957329210772 15.02597729167133 0.00023614472965724075 1.4714124387658283 13.554564852905502
82703 82503 0.0013401273299558241 6.28782154634218 -9.88078436133263e-05 0.32091156883156097 5.9669099775106185
82703 82703 0.001557448431329176 8.628884731416539 4.099041659048271e-06 0.000232307607604554 8.628652423808935
82703 84003 0.0014082592537521367 7.023142329562209 -0.00010175554344799197 0.20569349278367877 6.81744883677853
82703 91123 0.0015212345951338621 17.081194358365696 -7.174253398840246e-05 2.4718830553678126 14.609311302997884
82703 92503 0.000983421965594974 6.706821665987445 -0.0003516115412667863 0.32983283990109125 6.376988826086354
82703 92703 0.0011030382006884977 8.926323381005373 -0.000249723741039808 0.08497028580552271 8.84135309519985
82703 94003 0.0010395718716986403 7.3819286278359675 -0.0003229871964751713 0.21487392194563015 7.1670547058903376
84003 81123 0.0028301701049053764 18.23197683565957 0.00034925578514892334 2.7794727465540845 15.452504089105485
84003 82503 0.001655389001743386 7.972238202768242 5.441858805403022e-06 0.028561362107885863 7.943676840660356
84003 82703 0.0019402031945473853 10.818421859227556 0.00010886687962285121 0.21228526781430093 10.606136591413255
84003 84003 0.0017364196123442188 8.840111849940733 4.256745271973688e-06 0.00023723772139965183 8.839874612219333
84003 91123 0.001900214451834108 20.919876205952782 1.5835486907708854e-05 4.136257619026004 16.783618586926778
84003 92503 0.0012643152288581618 8.54744124703322 -0.0002431700839874504 0.07504812715976811 8.472393119873452
84003 92703 0.001402768320236711 11.316426015919125 -0.00014564033945798843 0.3843432068945473 10.932082809024578
84003 94003 0.0013341394532333252 9.372870178300598 -0.0002154772757287062 0.08003621496422189 9.292833963336376
91123 81123 0.0016239615100301042 8.059192435104325 0.0002856825491338937 0.268120715287982 7.791071719816343
91123 82503 0.0010005107353098347 4.333214436518289 -7.783368995829502e-05 4.105250390160092 0.22796404635819734
91123 82703 0.0011513075523151511 5.044760825984131 3.580736715616429e-05 2.2661850992545545 2.7785757267295765
91123 84003 0.0010374028836119817 4.62294683310962 -7.834268381634226e-05 3.677411520929437 0.945535312180183
91123 91123 0.001120187016008736 8.576566758117762 4.104123172221289e-06 0.0002495657060883004 8.576317192411674
91123 92503 0.0006947042064833662 4.290709817126904 -0.00030834556635152196 3.9335775155704353 0.35713230155646825
91123 92703 0.0007993131807753214 4.837148321660239 -0.0002046109210161898 1.943344054632459 2.8938042670277797
91123 94003 0.0007364800795944341 4.505377607902316 -0.00027829370105230896 3.4412104688155387 1.0641671390867775
92503 81123 0.003260025884767872 19.417369410813766 0.0006253155118282613 3.186016268899229 16.231353141914536
92503 82503 0.0019884362117548317 8.67962669407783 0.0002670516930425605 0.09463441693945197 8.584992277138378
92503 82703 0.0022938521815937785 11.658417503007678 0.000377140454771355 0.33922194054721205 11.319195562460466
92503 84003 0.0020842881424460026 9.613528119260094 0.00026142046430492833 0.07206720418375782 9.541460915076335
92503 91123 0.0022610389566473203 22.270123214569253 0.0002678178457680667 4.573541562255119 17.696581652314133
92503 92503 0.001567579295760732 9.283448996978896 4.585710609008025e-06 0.00029094915077694007 9.283158047828119
92503 92703 0.0017105277696426449 12.195281885897053 9.964617756805504e-05 0.41380451524674705 11.781477370650306
92503 94003 0.0016435431302180064 10.16339962530853 2.9338104037586532e-05 0.023531511556862506 10.139868113751668
92703 81123 0.0025353414918225384 14.980151004540646 0.0005148545503973251 1.345174553776466 13.63497645076418
92703 82503 0.00158841085536405 6.430828302800907 0.00015729140904415274 0.5407798139019998 5.890048488898907
92703 82703 0.0018068704140909784 8.689397668595833 0.00026657384953016094 0.08139223034372946 8.608005438252103
92703 84003 0.0016538705193175397 7.1645390921460255 0.00015146571963382076 0.3815575680474022 6.7829815240986235
92703 91123 0.0017623177058236844 16.92943145049141 0.00018463881645460934 2.1723855833626895 14.75704586712872
92703 92503 0.00121521245409398 6.78537898171182 -9.09188836095056e-05 0.3983952279019504 6.3869837538098695
92703 92703 0.0013289172296301148 8.911782828111624 4.3855198842325575e-06 0.00028511681644773144 8.911497711295176
92703 94003 0.0012703465508251016 7.453082143221186 -6.622280145118109e-05 0.2460956656515406 7.206986477569646
94003 81123 0.003039993507637538 18.271251853181383 0.0005927084790369326 2.6782816769565554 15.592970176224828
94003 82503 0.0018749321384718665 8.015599514616307 0.0002369482338235326 0.142000522752362 7.873598991863945
94003 82703 0.0021512240819388092 10.830975675819563 0.00034669779106614204 0.21387457772173435 10.617101098097828
94003 84003 0.001958052563484407 8.905275550333652 0.00023179049912306197 0.07767932443175073 8.827596225901901
94003 91123 0.0021137444648657816 20.906775915899377 0.00024220412433347541 3.9631155000799203 16.94366041581946
94003 92503 0.0014642842627368192 8.55276936245393 -2.0573911089123533e-05 0.024539432138449526 8.52822993031548
94003 92703 0.0015969739543162758 11.284106775885267 7.4435452399663e-05 0.2544792032713119 11.029627572613954
94003 94003 0.001533445329786232 9.38589205960274 4.53897128657867e-06 0.0002950711927894919 9.38559698840995
