81123 81123 8.19082605967848
81123 82503 0.6853992007363368
81123 82703 3.208678034522456
81123 84003 1.4385881375079572
81123 91123 8.882185143186247
81123 92503 0.8536920214670287
81123 92703 3.302374619398264
81123 94003 1.5717994796847687
82503 81123 15.980117637902246
82503 82503 8.612842051843945
82503 82703 11.254583114279276
82503 84003 9.485044169205068
82503 91123 17.410358301732394
82503 92503 9.152044904454375
82503 92703 11.60221155539877
82503 94003 9.96401790360306
82703 81123 13.554564852905502
82703 82503 5.9669099775106185
82703 82703 8.628652423808935
82703 84003 6.81744883677853
82703 91123 14.609311302997884
82703 92503 6.376988826086354
82703 92703 8.84135309519985
82703 94003 7.1670547058903376
84003 81123 15.452504089105485
84003 82503 7.943676840660356
84003 82703 10.606136591413255
84003 84003 8.839874612219333
84003 91123 16.783618586926778
84003 92503 8.472393119873452
84003 92703 10.932082809024578
84003 94003 9.292833963336376
91123 81123 7.791071719816343
91123 82503 0.22796404635819734
91123 82703 2.7785757267295765
91123 84003 0.945535312180183
91123 91123 8.576317192411674
91123 92503 0.35713230155646825
91123 92703 2.8938042670277797
91123 94003 1.0641671390867775
92503 81123 16.231353141914536
92503 82503 8.584992277138378
92503 82703 11.319195562460466
92503 84003 9.541460915076335
92503 91123 17.696581652314133
92503 92503 9.283158047828119
92503 92703 11.781477370650306
92503 94003 10.139868113751668
92703 81123 13.63497645076418
92703 82503 5.890048488898907
92703 82703 8.608005438252103
92703 84003 6.7829815240986235
92703 91123 14.75704586712872
92703 92503 6.3869837538098695
92703 92703 8.911497711295176
92703 94003 7.206986477569646
94003 81123 15.592970176224828
94003 82503 7.873598991863945
94003 82703 10.617101098097828
94003 84003 8.827596225901901
94003 91123 16.94366041581946
94003 92503 8.52822993031548
94003 92703 11.029627572613954
94003 94003 9.38559698840995
