81123 81123 7.099357147092017
81123 82503 13.577844135024169
81123 82703 11.478417577314165
81123 84003 13.122833660471072
81123 91123 6.756517374818035
81123 92503 13.746806519328278
81123 92703 11.378217355766491
81123 94003 13.207457084308457
82503 81123 0.7733107719238621
82503 82503 7.841139066592402
82503 82703 5.500871994789318
82503 84003 7.229474366299322
82503 91123 0.41287022580025257
82503 92503 7.817557105594706
82503 92703 5.433299528357742
82503 94003 7.181794819046811
82703 81123 3.049335974170259
82703 82503 9.952545675028174
82703 82703 7.686146264728263
82703 84003 9.387789393191369
82703 91123 2.701263063594247
82703 92503 9.985998095591828
82703 92703 7.597604198399271
82703 94003 9.38183082172561
84003 81123 1.5613219632930835
84003 82503 8.58893608012595
84003 82703 6.272844034101273
84003 84003 8.002349360766015
84003 91123 1.1970559795352318
84003 92503 8.598298699645083
84003 92703 6.2057849833523635
84003 94003 7.974715466267642
91123 81123 7.615206733451367
91123 82503 14.279348183370765
91123 82703 12.118152822477828
91123 84003 13.832148961397847
91123 91123 7.252797996944006
91123 92503 14.432306211704905
91123 92703 11.99553701134263
91123 94003 13.896187064108528
92503 81123 1.0472025665937248
92503 82503 8.320389611531805
92503 82703 5.9111886601401045
92503 84003 7.693408629956112
92503 91123 0.6556562346292294
92503 92503 8.305230518313323
92503 92703 5.8526751801572825
92503 94003 7.656180662657165
92703 81123 3.085019517813267
92703 82503 10.205986872004644
92703 82703 7.858565116673389
92703 84003 9.626441678613713
92703 91123 2.71373052374705
92703 92503 10.233889911868168
92703 92703 7.784384238134482
92703 94003 9.617413271437186
94003 81123 1.745256242714292
94003 82503 8.962713384765719
94003 82703 6.577239873604383
94003 84003 8.355464226803868
94003 91123 1.3598745531468412
94003 92503 8.970935509396854
94003 92703 6.520239702703289
94003 94003 8.336926790448594
